-9.53125 17.96875
-9.375 17.96875
-9.53125 17.8125
-9.375 17.8125
-9.53125 17.65625
-9.375 17.65625
-9.53125 17.5
-9.375 17.5
-9.53125 17.34375
-9.375 17.34375
-9.53125 17.1875
-9.375 17.1875
-9.53125 17.03125
-9.375 17.03125
-9.53125 16.875
-9.375 16.875
-9.53125 16.71875
-9.375 16.71875
-8.125 16.71875
-9.53125 16.5625
-9.375 16.5625
-8.59375 16.5625
-8.4375 16.5625
-8.28125 16.5625
-8.125 16.5625
-9.53125 16.40625
-9.375 16.40625
-9.0625 16.40625
-8.90625 16.40625
-8.75 16.40625
-8.59375 16.40625
-8.4375 16.40625
-8.28125 16.40625
-8.125 16.40625
-9.53125 16.25
-9.375 16.25
-9.21875 16.25
-9.0625 16.25
-8.90625 16.25
-8.75 16.25
-8.59375 16.25
-8.4375 16.25
-8.28125 16.25
-8.125 16.25
-9.6875 16.09375
-9.53125 16.09375
-9.375 16.09375
-9.21875 16.09375
-9.0625 16.09375
-8.90625 16.09375
-8.75 16.09375
-8.59375 16.09375
-8.4375 16.09375
-8.28125 16.09375
-8.125 16.09375
-9.84375 15.9375
-9.6875 15.9375
-9.53125 15.9375
-9.375 15.9375
-9.21875 15.9375
-9.0625 15.9375
-8.90625 15.9375
-8.75 15.9375
-8.59375 15.9375
-8.4375 15.9375
-8.28125 15.9375
-8.125 15.9375
-10.15625 15.78125
-10.0 15.78125
-9.84375 15.78125
-9.6875 15.78125
-9.53125 15.78125
-9.375 15.78125
-9.21875 15.78125
-9.0625 15.78125
-8.90625 15.78125
-8.75 15.78125
-8.59375 15.78125
-8.4375 15.78125
-8.28125 15.78125
-8.125 15.78125
-10.15625 15.625
-10.0 15.625
-9.84375 15.625
-9.6875 15.625
-9.53125 15.625
-9.375 15.625
-9.21875 15.625
-9.0625 15.625
-8.90625 15.625
-8.75 15.625
-8.59375 15.625
-8.4375 15.625
-8.28125 15.625
-8.125 15.625
-7.96875 15.625
-7.65625 15.625
-10.3125 15.46875
-10.15625 15.46875
-10.0 15.46875
-9.84375 15.46875
-9.6875 15.46875
-9.53125 15.46875
-9.375 15.46875
-9.21875 15.46875
-9.0625 15.46875
-8.90625 15.46875
-8.75 15.46875
-8.59375 15.46875
-8.4375 15.46875
-8.28125 15.46875
-8.125 15.46875
-7.96875 15.46875
-7.65625 15.46875
-7.5 15.46875
-10.3125 15.3125
-10.15625 15.3125
-10.0 15.3125
-9.84375 15.3125
-9.6875 15.3125
-9.53125 15.3125
-9.375 15.3125
-9.21875 15.3125
-9.0625 15.3125
-8.90625 15.3125
-8.75 15.3125
-8.59375 15.3125
-8.4375 15.3125
-8.28125 15.3125
-8.125 15.3125
-7.96875 15.3125
-7.8125 15.3125
-7.65625 15.3125
-7.5 15.3125
-7.34375 15.3125
-10.3125 15.15625
-10.15625 15.15625
-10.0 15.15625
-9.84375 15.15625
-9.6875 15.15625
-9.53125 15.15625
-9.375 15.15625
-9.21875 15.15625
-9.0625 15.15625
-8.90625 15.15625
-8.75 15.15625
-8.59375 15.15625
-8.4375 15.15625
-8.28125 15.15625
-8.125 15.15625
-7.96875 15.15625
-7.8125 15.15625
-7.65625 15.15625
-7.5 15.15625
-7.34375 15.15625
-10.3125 15.0
-10.15625 15.0
-10.0 15.0
-9.84375 15.0
-9.6875 15.0
-9.53125 15.0
-9.375 15.0
-9.21875 15.0
-9.0625 15.0
-8.90625 15.0
-8.75 15.0
-8.59375 15.0
-8.4375 15.0
-8.28125 15.0
-8.125 15.0
-7.96875 15.0
-7.8125 15.0
-7.65625 15.0
-7.5 15.0
-7.34375 15.0
-10.3125 14.84375
-10.15625 14.84375
-10.0 14.84375
-9.84375 14.84375
-9.6875 14.84375
-9.53125 14.84375
-9.375 14.84375
-9.21875 14.84375
-9.0625 14.84375
-8.90625 14.84375
-8.75 14.84375
-8.59375 14.84375
-8.4375 14.84375
-8.28125 14.84375
-8.125 14.84375
-7.96875 14.84375
-7.8125 14.84375
-7.65625 14.84375
-7.5 14.84375
-7.34375 14.84375
-10.3125 14.6875
-10.15625 14.6875
-10.0 14.6875
-9.84375 14.6875
-9.6875 14.6875
-9.53125 14.6875
-9.375 14.6875
-9.21875 14.6875
-9.0625 14.6875
-8.90625 14.6875
-8.75 14.6875
-8.59375 14.6875
-8.4375 14.6875
-8.28125 14.6875
-8.125 14.6875
-7.96875 14.6875
-7.8125 14.6875
-7.65625 14.6875
-7.5 14.6875
-7.34375 14.6875
-10.3125 14.53125
-10.15625 14.53125
-10.0 14.53125
-9.84375 14.53125
-9.6875 14.53125
-9.53125 14.53125
-9.375 14.53125
-9.21875 14.53125
-9.0625 14.53125
-8.90625 14.53125
-8.75 14.53125
-8.59375 14.53125
-8.4375 14.53125
-8.28125 14.53125
-8.125 14.53125
-7.96875 14.53125
-7.8125 14.53125
-7.65625 14.53125
-7.5 14.53125
-7.34375 14.53125
-10.3125 14.375
-10.15625 14.375
-10.0 14.375
-9.84375 14.375
-9.6875 14.375
-9.53125 14.375
-9.375 14.375
-9.21875 14.375
-9.0625 14.375
-8.90625 14.375
-8.75 14.375
-8.59375 14.375
-8.4375 14.375
-8.28125 14.375
-8.125 14.375
-7.96875 14.375
-7.8125 14.375
-7.65625 14.375
-7.5 14.375
-7.34375 14.375
-10.3125 14.21875
-10.15625 14.21875
-10.0 14.21875
-9.84375 14.21875
-9.6875 14.21875
-9.53125 14.21875
-9.375 14.21875
-9.21875 14.21875
-9.0625 14.21875
-8.90625 14.21875
-8.75 14.21875
-8.59375 14.21875
-8.4375 14.21875
-8.28125 14.21875
-8.125 14.21875
-7.96875 14.21875
-7.8125 14.21875
-7.65625 14.21875
-7.5 14.21875
-7.34375 14.21875
-10.3125 14.0625
-10.15625 14.0625
-10.0 14.0625
-9.84375 14.0625
-9.6875 14.0625
-9.53125 14.0625
-9.375 14.0625
-9.21875 14.0625
-9.0625 14.0625
-8.90625 14.0625
-8.75 14.0625
-8.59375 14.0625
-8.4375 14.0625
-8.28125 14.0625
-8.125 14.0625
-7.96875 14.0625
-7.8125 14.0625
-7.65625 14.0625
-7.5 14.0625
-7.34375 14.0625
-10.3125 13.90625
-10.15625 13.90625
-10.0 13.90625
-9.84375 13.90625
-9.6875 13.90625
-9.53125 13.90625
-9.375 13.90625
-9.21875 13.90625
-9.0625 13.90625
-8.90625 13.90625
-8.75 13.90625
-8.59375 13.90625
-8.4375 13.90625
-8.28125 13.90625
-8.125 13.90625
-7.96875 13.90625
-7.8125 13.90625
-7.65625 13.90625
-7.5 13.90625
-7.34375 13.90625
-10.3125 13.75
-10.15625 13.75
-10.0 13.75
-9.84375 13.75
-9.6875 13.75
-9.53125 13.75
-9.375 13.75
-9.21875 13.75
-9.0625 13.75
-8.90625 13.75
-8.75 13.75
-8.59375 13.75
-8.4375 13.75
-8.28125 13.75
-8.125 13.75
-7.96875 13.75
-7.8125 13.75
-7.65625 13.75
-7.5 13.75
-7.34375 13.75
-10.15625 13.59375
-10.0 13.59375
-9.84375 13.59375
-9.6875 13.59375
-9.53125 13.59375
-9.375 13.59375
-9.21875 13.59375
-9.0625 13.59375
-8.90625 13.59375
-8.75 13.59375
-8.59375 13.59375
-8.4375 13.59375
-8.28125 13.59375
-8.125 13.59375
-7.96875 13.59375
-7.8125 13.59375
-7.65625 13.59375
-7.5 13.59375
-7.34375 13.59375
-10.15625 13.4375
-10.0 13.4375
-9.84375 13.4375
-9.6875 13.4375
-9.53125 13.4375
-9.375 13.4375
-9.21875 13.4375
-9.0625 13.4375
-8.90625 13.4375
-8.75 13.4375
-8.59375 13.4375
-8.4375 13.4375
-8.28125 13.4375
-8.125 13.4375
-7.96875 13.4375
-7.8125 13.4375
-7.65625 13.4375
-7.5 13.4375
-7.34375 13.4375
-10.15625 13.28125
-9.53125 13.28125
-9.375 13.28125
-9.21875 13.28125
-9.0625 13.28125
-8.90625 13.28125
-8.75 13.28125
-8.59375 13.28125
-8.4375 13.28125
-8.28125 13.28125
-8.125 13.28125
-7.96875 13.28125
-7.8125 13.28125
-7.65625 13.28125
-7.5 13.28125
-7.34375 13.28125
-9.53125 13.125
-9.375 13.125
-9.21875 13.125
-9.0625 13.125
-8.90625 13.125
-8.75 13.125
-8.59375 13.125
-8.4375 13.125
-8.28125 13.125
-8.125 13.125
-7.96875 13.125
-7.8125 13.125
-7.65625 13.125
-7.5 13.125
-7.34375 13.125
-9.53125 12.96875
-9.375 12.96875
-9.21875 12.96875
-9.0625 12.96875
-8.90625 12.96875
-8.75 12.96875
-8.59375 12.96875
-8.4375 12.96875
-8.28125 12.96875
-8.125 12.96875
-7.96875 12.96875
-7.8125 12.96875
-7.65625 12.96875
-7.5 12.96875
-7.34375 12.96875
-9.53125 12.8125
-9.375 12.8125
-9.21875 12.8125
-9.0625 12.8125
-8.90625 12.8125
-8.75 12.8125
-8.59375 12.8125
-8.4375 12.8125
-8.28125 12.8125
-8.125 12.8125
-7.96875 12.8125
-7.8125 12.8125
-7.65625 12.8125
-7.5 12.8125
-7.34375 12.8125
-9.53125 12.65625
-9.375 12.65625
-9.21875 12.65625
-8.90625 12.65625
-8.75 12.65625
-8.59375 12.65625
-8.4375 12.65625
-8.28125 12.65625
-8.125 12.65625
-7.96875 12.65625
-7.8125 12.65625
-7.65625 12.65625
-7.5 12.65625
-7.34375 12.65625
-9.375 12.5
-9.21875 12.5
-8.90625 12.5
-8.75 12.5
-8.59375 12.5
-8.4375 12.5
-8.28125 12.5
-8.125 12.5
-7.96875 12.5
-7.8125 12.5
-7.65625 12.5
-7.5 12.5
-7.34375 12.5
-9.375 12.34375
-9.21875 12.34375
-8.90625 12.34375
-8.75 12.34375
-8.59375 12.34375
-8.4375 12.34375
-8.28125 12.34375
-8.125 12.34375
-7.96875 12.34375
-7.8125 12.34375
-7.65625 12.34375
-7.5 12.34375
-9.21875 12.1875
-8.90625 12.1875
-8.75 12.1875
-8.59375 12.1875
-8.4375 12.1875
-8.28125 12.1875
-8.125 12.1875
-7.96875 12.1875
-7.8125 12.1875
-7.65625 12.1875
-7.5 12.1875
-9.21875 12.03125
-8.90625 12.03125
-8.75 12.03125
-8.59375 12.03125
-8.4375 12.03125
-8.28125 12.03125
-8.125 12.03125
-7.96875 12.03125
-7.8125 12.03125
-7.65625 12.03125
-7.5 12.03125
-8.90625 11.875
-8.75 11.875
-8.59375 11.875
-8.4375 11.875
-8.28125 11.875
-8.125 11.875
-7.96875 11.875
-7.8125 11.875
-7.65625 11.875
-7.5 11.875
-8.90625 11.71875
-8.75 11.71875
-8.59375 11.71875
-8.4375 11.71875
-8.28125 11.71875
-8.125 11.71875
-7.96875 11.71875
-7.8125 11.71875
-7.65625 11.71875
-7.5 11.71875
-8.75 11.5625
-8.59375 11.5625
-8.4375 11.5625
-8.28125 11.5625
-8.125 11.5625
-7.96875 11.5625
-7.8125 11.5625
-7.65625 11.5625
-7.5 11.5625
-8.75 11.40625
-8.59375 11.40625
-8.4375 11.40625
-8.28125 11.40625
-8.125 11.40625
-7.96875 11.40625
-7.8125 11.40625
-7.65625 11.40625
-7.5 11.40625
-8.75 11.25
-8.59375 11.25
-8.4375 11.25
-8.28125 11.25
-8.125 11.25
-7.96875 11.25
-7.8125 11.25
-7.65625 11.25
-7.5 11.25
-8.75 11.09375
-8.4375 11.09375
-8.28125 11.09375
-8.125 11.09375
-7.96875 11.09375
-7.8125 11.09375
-7.65625 11.09375
-7.5 11.09375
-8.4375 10.9375
-8.28125 10.9375
-8.125 10.9375
-7.96875 10.9375
-7.8125 10.9375
-7.65625 10.9375
-7.5 10.9375
-8.4375 10.78125
-8.125 10.78125
-7.96875 10.78125
-7.8125 10.78125
-7.65625 10.78125
-7.5 10.78125
-8.4375 10.625
-8.125 10.625
-7.96875 10.625
-7.8125 10.625
-7.65625 10.625
-7.5 10.625
-8.4375 10.46875
-8.125 10.46875
-7.96875 10.46875
-7.8125 10.46875
-7.65625 10.46875
-7.5 10.46875
-8.4375 10.3125
-8.125 10.3125
-7.96875 10.3125
-7.8125 10.3125
-7.65625 10.3125
-7.5 10.3125
-8.4375 10.15625
-8.125 10.15625
-7.96875 10.15625
-7.8125 10.15625
-7.65625 10.15625
-7.5 10.15625
-8.4375 10.0
-8.125 10.0
-7.96875 10.0
-7.8125 10.0
-7.65625 10.0
-7.5 10.0
-8.125 9.84375
-7.96875 9.84375
-8.125 9.6875
-7.96875 9.6875
