4.21875 17.8125
4.375 17.8125
4.53125 17.8125
4.21875 17.65625
4.375 17.65625
4.53125 17.65625
4.6875 17.65625
4.21875 17.5
4.375 17.5
4.53125 17.5
4.6875 17.5
4.84375 17.5
4.21875 17.34375
4.375 17.34375
4.53125 17.34375
4.6875 17.34375
4.84375 17.34375
5.0 17.34375
4.21875 17.1875
4.375 17.1875
4.53125 17.1875
4.6875 17.1875
4.84375 17.1875
5.0 17.1875
4.21875 17.03125
4.375 17.03125
4.53125 17.03125
4.6875 17.03125
4.84375 17.03125
5.0 17.03125
4.21875 16.875
4.375 16.875
4.53125 16.875
4.6875 16.875
4.84375 16.875
5.0 16.875
4.21875 16.71875
4.375 16.71875
4.53125 16.71875
4.6875 16.71875
4.84375 16.71875
5.0 16.71875
5.15625 16.71875
4.21875 16.5625
4.375 16.5625
4.53125 16.5625
4.6875 16.5625
4.84375 16.5625
5.0 16.5625
5.15625 16.5625
4.21875 16.40625
4.375 16.40625
4.53125 16.40625
4.6875 16.40625
4.84375 16.40625
5.0 16.40625
5.15625 16.40625
4.21875 16.25
4.375 16.25
4.53125 16.25
4.6875 16.25
4.84375 16.25
5.0 16.25
5.15625 16.25
4.21875 16.09375
4.375 16.09375
4.53125 16.09375
4.6875 16.09375
4.84375 16.09375
5.0 16.09375
5.15625 16.09375
4.21875 15.9375
4.375 15.9375
4.53125 15.9375
4.6875 15.9375
4.84375 15.9375
5.0 15.9375
5.15625 15.9375
5.3125 15.9375
5.46875 15.9375
5.625 15.9375
5.78125 15.9375
5.9375 15.9375
4.21875 15.78125
4.375 15.78125
4.53125 15.78125
4.6875 15.78125
4.84375 15.78125
5.0 15.78125
5.15625 15.78125
5.3125 15.78125
5.46875 15.78125
5.625 15.78125
5.78125 15.78125
5.9375 15.78125
6.09375 15.78125
6.25 15.78125
6.40625 15.78125
6.5625 15.78125
6.71875 15.78125
4.21875 15.625
4.375 15.625
4.53125 15.625
4.6875 15.625
4.84375 15.625
5.0 15.625
5.15625 15.625
5.3125 15.625
5.46875 15.625
5.625 15.625
5.78125 15.625
5.9375 15.625
6.09375 15.625
6.25 15.625
6.40625 15.625
6.5625 15.625
6.71875 15.625
4.21875 15.46875
4.375 15.46875
4.53125 15.46875
4.6875 15.46875
4.84375 15.46875
5.0 15.46875
5.15625 15.46875
5.3125 15.46875
5.46875 15.46875
5.625 15.46875
5.78125 15.46875
5.9375 15.46875
6.09375 15.46875
6.25 15.46875
6.40625 15.46875
6.5625 15.46875
6.71875 15.46875
6.875 15.46875
7.03125 15.46875
7.1875 15.46875
4.21875 15.3125
4.375 15.3125
4.53125 15.3125
4.6875 15.3125
4.84375 15.3125
5.0 15.3125
5.15625 15.3125
5.3125 15.3125
5.46875 15.3125
5.625 15.3125
5.78125 15.3125
5.9375 15.3125
6.09375 15.3125
6.25 15.3125
6.40625 15.3125
6.5625 15.3125
6.71875 15.3125
6.875 15.3125
7.03125 15.3125
7.1875 15.3125
4.21875 15.15625
4.375 15.15625
4.53125 15.15625
4.6875 15.15625
4.84375 15.15625
5.0 15.15625
5.15625 15.15625
5.3125 15.15625
5.46875 15.15625
5.625 15.15625
5.78125 15.15625
5.9375 15.15625
6.09375 15.15625
6.25 15.15625
6.40625 15.15625
6.5625 15.15625
6.71875 15.15625
6.875 15.15625
7.03125 15.15625
7.1875 15.15625
4.21875 15.0
4.375 15.0
4.53125 15.0
4.6875 15.0
4.84375 15.0
5.0 15.0
5.15625 15.0
5.3125 15.0
5.46875 15.0
5.625 15.0
5.78125 15.0
5.9375 15.0
6.09375 15.0
6.25 15.0
6.40625 15.0
6.5625 15.0
6.71875 15.0
6.875 15.0
7.03125 15.0
7.1875 15.0
4.21875 14.84375
4.375 14.84375
4.53125 14.84375
4.6875 14.84375
4.84375 14.84375
5.0 14.84375
5.15625 14.84375
5.3125 14.84375
5.46875 14.84375
5.625 14.84375
5.78125 14.84375
5.9375 14.84375
6.09375 14.84375
6.25 14.84375
6.40625 14.84375
6.5625 14.84375
6.71875 14.84375
6.875 14.84375
7.03125 14.84375
7.1875 14.84375
4.21875 14.6875
4.375 14.6875
4.53125 14.6875
4.6875 14.6875
4.84375 14.6875
5.0 14.6875
5.15625 14.6875
5.3125 14.6875
5.46875 14.6875
5.625 14.6875
5.78125 14.6875
5.9375 14.6875
6.09375 14.6875
6.25 14.6875
6.40625 14.6875
6.5625 14.6875
6.71875 14.6875
6.875 14.6875
7.03125 14.6875
7.1875 14.6875
4.21875 14.53125
4.375 14.53125
4.53125 14.53125
4.6875 14.53125
4.84375 14.53125
5.0 14.53125
5.15625 14.53125
5.3125 14.53125
5.46875 14.53125
5.625 14.53125
5.78125 14.53125
5.9375 14.53125
6.09375 14.53125
6.25 14.53125
6.40625 14.53125
6.5625 14.53125
6.71875 14.53125
6.875 14.53125
7.03125 14.53125
7.1875 14.53125
4.21875 14.375
4.375 14.375
4.53125 14.375
4.6875 14.375
4.84375 14.375
5.0 14.375
5.15625 14.375
5.3125 14.375
5.46875 14.375
5.625 14.375
5.78125 14.375
5.9375 14.375
6.09375 14.375
6.25 14.375
6.40625 14.375
6.5625 14.375
6.71875 14.375
6.875 14.375
7.03125 14.375
7.1875 14.375
4.21875 14.21875
4.375 14.21875
4.53125 14.21875
4.6875 14.21875
4.84375 14.21875
5.0 14.21875
5.15625 14.21875
5.3125 14.21875
5.46875 14.21875
5.625 14.21875
5.78125 14.21875
5.9375 14.21875
6.09375 14.21875
6.25 14.21875
6.40625 14.21875
6.5625 14.21875
6.71875 14.21875
6.875 14.21875
7.03125 14.21875
7.1875 14.21875
4.21875 14.0625
4.375 14.0625
4.53125 14.0625
4.6875 14.0625
4.84375 14.0625
5.0 14.0625
5.15625 14.0625
5.3125 14.0625
5.46875 14.0625
5.625 14.0625
5.78125 14.0625
5.9375 14.0625
6.09375 14.0625
6.25 14.0625
6.40625 14.0625
6.5625 14.0625
6.71875 14.0625
6.875 14.0625
7.03125 14.0625
7.1875 14.0625
4.21875 13.90625
4.375 13.90625
4.53125 13.90625
4.6875 13.90625
4.84375 13.90625
5.0 13.90625
5.15625 13.90625
5.3125 13.90625
5.46875 13.90625
5.625 13.90625
5.78125 13.90625
5.9375 13.90625
6.09375 13.90625
6.25 13.90625
6.40625 13.90625
6.5625 13.90625
6.71875 13.90625
6.875 13.90625
7.03125 13.90625
7.1875 13.90625
4.21875 13.75
4.375 13.75
4.53125 13.75
4.6875 13.75
4.84375 13.75
5.0 13.75
5.15625 13.75
5.3125 13.75
5.46875 13.75
5.625 13.75
5.78125 13.75
5.9375 13.75
6.09375 13.75
6.25 13.75
6.40625 13.75
6.5625 13.75
6.71875 13.75
6.875 13.75
7.03125 13.75
7.1875 13.75
4.21875 13.59375
4.375 13.59375
4.53125 13.59375
4.6875 13.59375
4.84375 13.59375
5.0 13.59375
5.15625 13.59375
5.3125 13.59375
5.46875 13.59375
5.625 13.59375
5.78125 13.59375
5.9375 13.59375
6.09375 13.59375
6.25 13.59375
6.40625 13.59375
6.5625 13.59375
6.71875 13.59375
6.875 13.59375
7.03125 13.59375
7.1875 13.59375
4.21875 13.4375
4.375 13.4375
4.53125 13.4375
4.6875 13.4375
4.84375 13.4375
5.0 13.4375
5.15625 13.4375
5.3125 13.4375
5.46875 13.4375
5.625 13.4375
5.78125 13.4375
5.9375 13.4375
6.09375 13.4375
6.25 13.4375
6.40625 13.4375
6.5625 13.4375
6.71875 13.4375
6.875 13.4375
7.03125 13.4375
7.1875 13.4375
4.21875 13.28125
4.375 13.28125
4.53125 13.28125
4.6875 13.28125
4.84375 13.28125
5.0 13.28125
5.15625 13.28125
5.3125 13.28125
5.46875 13.28125
5.625 13.28125
5.78125 13.28125
5.9375 13.28125
6.09375 13.28125
6.25 13.28125
6.40625 13.28125
6.5625 13.28125
6.71875 13.28125
6.875 13.28125
7.03125 13.28125
7.1875 13.28125
4.21875 13.125
4.375 13.125
4.53125 13.125
4.6875 13.125
4.84375 13.125
5.0 13.125
5.15625 13.125
5.3125 13.125
5.46875 13.125
5.625 13.125
5.78125 13.125
5.9375 13.125
6.09375 13.125
6.25 13.125
6.40625 13.125
6.5625 13.125
6.71875 13.125
6.875 13.125
7.03125 13.125
7.1875 13.125
4.21875 12.96875
4.375 12.96875
4.53125 12.96875
4.6875 12.96875
4.84375 12.96875
5.0 12.96875
5.15625 12.96875
5.3125 12.96875
5.46875 12.96875
5.625 12.96875
5.78125 12.96875
5.9375 12.96875
6.09375 12.96875
6.25 12.96875
6.40625 12.96875
6.5625 12.96875
6.71875 12.96875
6.875 12.96875
7.03125 12.96875
7.1875 12.96875
4.21875 12.8125
4.375 12.8125
4.53125 12.8125
4.6875 12.8125
4.84375 12.8125
5.0 12.8125
5.15625 12.8125
5.3125 12.8125
5.46875 12.8125
5.625 12.8125
5.78125 12.8125
5.9375 12.8125
6.09375 12.8125
6.25 12.8125
6.40625 12.8125
6.5625 12.8125
6.71875 12.8125
6.875 12.8125
7.03125 12.8125
7.1875 12.8125
4.21875 12.65625
4.375 12.65625
4.53125 12.65625
4.6875 12.65625
4.84375 12.65625
5.0 12.65625
5.15625 12.65625
5.3125 12.65625
5.46875 12.65625
5.625 12.65625
5.78125 12.65625
5.9375 12.65625
6.09375 12.65625
6.25 12.65625
6.40625 12.65625
6.5625 12.65625
6.71875 12.65625
6.875 12.65625
7.03125 12.65625
7.1875 12.65625
4.21875 12.5
4.375 12.5
4.53125 12.5
4.6875 12.5
4.84375 12.5
5.0 12.5
5.15625 12.5
5.3125 12.5
5.46875 12.5
5.625 12.5
5.78125 12.5
5.9375 12.5
6.09375 12.5
6.25 12.5
6.40625 12.5
6.5625 12.5
6.71875 12.5
6.875 12.5
7.03125 12.5
7.1875 12.5
4.21875 12.34375
4.375 12.34375
4.53125 12.34375
4.6875 12.34375
4.84375 12.34375
5.0 12.34375
5.15625 12.34375
5.3125 12.34375
5.46875 12.34375
5.625 12.34375
5.78125 12.34375
5.9375 12.34375
6.09375 12.34375
6.25 12.34375
6.40625 12.34375
6.5625 12.34375
6.71875 12.34375
6.875 12.34375
7.03125 12.34375
7.1875 12.34375
7.34375 12.34375
7.5 12.34375
4.21875 12.1875
4.375 12.1875
4.53125 12.1875
4.6875 12.1875
4.84375 12.1875
5.0 12.1875
5.15625 12.1875
5.3125 12.1875
5.46875 12.1875
5.625 12.1875
5.78125 12.1875
5.9375 12.1875
6.09375 12.1875
6.25 12.1875
6.40625 12.1875
6.5625 12.1875
6.71875 12.1875
6.875 12.1875
7.03125 12.1875
7.1875 12.1875
7.34375 12.1875
7.5 12.1875
7.65625 12.1875
4.21875 12.03125
4.375 12.03125
4.53125 12.03125
4.6875 12.03125
4.84375 12.03125
5.0 12.03125
5.15625 12.03125
5.3125 12.03125
5.46875 12.03125
5.625 12.03125
5.78125 12.03125
5.9375 12.03125
6.09375 12.03125
6.25 12.03125
6.40625 12.03125
6.5625 12.03125
6.71875 12.03125
6.875 12.03125
7.03125 12.03125
7.1875 12.03125
7.34375 12.03125
7.5 12.03125
7.65625 12.03125
4.21875 11.875
4.375 11.875
4.53125 11.875
4.6875 11.875
4.84375 11.875
5.0 11.875
5.15625 11.875
5.3125 11.875
5.46875 11.875
5.625 11.875
5.78125 11.875
5.9375 11.875
6.09375 11.875
6.25 11.875
6.40625 11.875
6.5625 11.875
6.71875 11.875
6.875 11.875
7.03125 11.875
7.1875 11.875
7.34375 11.875
7.5 11.875
7.65625 11.875
7.8125 11.875
7.96875 11.875
8.125 11.875
4.21875 11.71875
4.375 11.71875
4.53125 11.71875
4.6875 11.71875
4.84375 11.71875
5.0 11.71875
5.15625 11.71875
5.3125 11.71875
5.46875 11.71875
5.625 11.71875
5.78125 11.71875
5.9375 11.71875
6.09375 11.71875
6.25 11.71875
6.40625 11.71875
6.5625 11.71875
6.71875 11.71875
6.875 11.71875
7.03125 11.71875
7.1875 11.71875
7.34375 11.71875
7.5 11.71875
7.65625 11.71875
7.8125 11.71875
7.96875 11.71875
8.125 11.71875
4.21875 11.5625
4.375 11.5625
4.53125 11.5625
4.6875 11.5625
4.84375 11.5625
5.0 11.5625
5.15625 11.5625
5.3125 11.5625
5.46875 11.5625
5.625 11.5625
5.78125 11.5625
5.9375 11.5625
6.09375 11.5625
6.25 11.5625
6.40625 11.5625
6.5625 11.5625
6.71875 11.5625
6.875 11.5625
7.03125 11.5625
7.1875 11.5625
7.34375 11.5625
7.5 11.5625
7.65625 11.5625
7.8125 11.5625
7.96875 11.5625
8.125 11.5625
4.21875 11.40625
4.375 11.40625
4.53125 11.40625
4.6875 11.40625
4.84375 11.40625
5.0 11.40625
5.15625 11.40625
5.3125 11.40625
5.46875 11.40625
5.625 11.40625
5.78125 11.40625
5.9375 11.40625
6.09375 11.40625
6.25 11.40625
6.40625 11.40625
6.5625 11.40625
6.71875 11.40625
6.875 11.40625
7.03125 11.40625
7.1875 11.40625
7.34375 11.40625
7.5 11.40625
7.65625 11.40625
7.8125 11.40625
7.96875 11.40625
8.125 11.40625
4.21875 11.25
4.375 11.25
4.53125 11.25
4.6875 11.25
4.84375 11.25
5.0 11.25
5.15625 11.25
5.3125 11.25
5.46875 11.25
5.625 11.25
5.78125 11.25
5.9375 11.25
6.09375 11.25
6.25 11.25
6.40625 11.25
6.5625 11.25
6.71875 11.25
6.875 11.25
7.03125 11.25
7.1875 11.25
7.34375 11.25
7.5 11.25
7.65625 11.25
7.8125 11.25
7.96875 11.25
8.125 11.25
4.21875 11.09375
4.375 11.09375
4.53125 11.09375
4.6875 11.09375
4.84375 11.09375
5.0 11.09375
5.15625 11.09375
5.3125 11.09375
5.46875 11.09375
5.625 11.09375
5.78125 11.09375
5.9375 11.09375
6.09375 11.09375
6.25 11.09375
6.40625 11.09375
6.5625 11.09375
6.71875 11.09375
6.875 11.09375
7.03125 11.09375
7.1875 11.09375
7.34375 11.09375
7.5 11.09375
7.65625 11.09375
7.8125 11.09375
7.96875 11.09375
8.125 11.09375
4.21875 10.9375
4.375 10.9375
4.53125 10.9375
4.6875 10.9375
4.84375 10.9375
5.0 10.9375
5.15625 10.9375
5.3125 10.9375
5.46875 10.9375
5.625 10.9375
5.78125 10.9375
5.9375 10.9375
6.09375 10.9375
6.25 10.9375
6.40625 10.9375
6.5625 10.9375
6.71875 10.9375
6.875 10.9375
7.03125 10.9375
7.1875 10.9375
7.34375 10.9375
7.5 10.9375
7.65625 10.9375
7.8125 10.9375
7.96875 10.9375
8.125 10.9375
4.21875 10.78125
4.375 10.78125
4.53125 10.78125
4.6875 10.78125
4.84375 10.78125
5.0 10.78125
5.15625 10.78125
5.3125 10.78125
5.46875 10.78125
5.625 10.78125
5.78125 10.78125
5.9375 10.78125
6.09375 10.78125
6.25 10.78125
6.40625 10.78125
6.5625 10.78125
6.71875 10.78125
6.875 10.78125
7.03125 10.78125
7.1875 10.78125
7.34375 10.78125
7.5 10.78125
7.65625 10.78125
7.8125 10.78125
7.96875 10.78125
8.125 10.78125
4.21875 10.625
4.375 10.625
4.53125 10.625
4.6875 10.625
4.84375 10.625
5.0 10.625
5.15625 10.625
5.3125 10.625
5.46875 10.625
5.625 10.625
5.78125 10.625
5.9375 10.625
6.09375 10.625
6.25 10.625
6.40625 10.625
6.5625 10.625
6.71875 10.625
6.875 10.625
7.03125 10.625
7.1875 10.625
7.34375 10.625
7.5 10.625
7.65625 10.625
7.8125 10.625
7.96875 10.625
8.125 10.625
4.21875 10.46875
4.375 10.46875
4.53125 10.46875
4.6875 10.46875
4.84375 10.46875
5.0 10.46875
5.15625 10.46875
5.3125 10.46875
5.46875 10.46875
5.625 10.46875
5.78125 10.46875
5.9375 10.46875
6.09375 10.46875
6.25 10.46875
6.40625 10.46875
6.5625 10.46875
6.71875 10.46875
6.875 10.46875
7.03125 10.46875
7.1875 10.46875
7.34375 10.46875
7.5 10.46875
7.65625 10.46875
7.8125 10.46875
7.96875 10.46875
8.125 10.46875
4.21875 10.3125
4.375 10.3125
4.53125 10.3125
4.6875 10.3125
4.84375 10.3125
5.0 10.3125
5.15625 10.3125
5.3125 10.3125
5.46875 10.3125
5.625 10.3125
5.78125 10.3125
5.9375 10.3125
6.09375 10.3125
6.25 10.3125
6.40625 10.3125
6.5625 10.3125
6.71875 10.3125
6.875 10.3125
7.03125 10.3125
7.1875 10.3125
7.34375 10.3125
7.5 10.3125
7.65625 10.3125
7.8125 10.3125
7.96875 10.3125
8.125 10.3125
4.21875 10.15625
4.375 10.15625
4.53125 10.15625
4.6875 10.15625
4.84375 10.15625
5.0 10.15625
5.15625 10.15625
5.3125 10.15625
5.46875 10.15625
5.625 10.15625
5.78125 10.15625
5.9375 10.15625
6.09375 10.15625
6.25 10.15625
6.40625 10.15625
6.5625 10.15625
6.71875 10.15625
6.875 10.15625
7.03125 10.15625
7.1875 10.15625
7.34375 10.15625
7.5 10.15625
7.65625 10.15625
7.8125 10.15625
7.96875 10.15625
8.125 10.15625
4.21875 10.0
4.375 10.0
4.53125 10.0
4.6875 10.0
4.84375 10.0
5.0 10.0
5.15625 10.0
5.3125 10.0
5.46875 10.0
5.625 10.0
5.78125 10.0
5.9375 10.0
6.09375 10.0
6.25 10.0
6.40625 10.0
6.5625 10.0
6.71875 10.0
6.875 10.0
7.03125 10.0
7.1875 10.0
7.34375 10.0
7.5 10.0
7.65625 10.0
7.8125 10.0
7.96875 10.0
8.125 10.0
4.21875 9.84375
4.375 9.84375
4.53125 9.84375
4.6875 9.84375
4.84375 9.84375
5.0 9.84375
5.15625 9.84375
5.3125 9.84375
5.46875 9.84375
5.625 9.84375
5.78125 9.84375
5.9375 9.84375
6.09375 9.84375
6.25 9.84375
6.40625 9.84375
6.5625 9.84375
6.71875 9.84375
6.875 9.84375
7.03125 9.84375
7.1875 9.84375
7.34375 9.84375
7.5 9.84375
7.65625 9.84375
7.8125 9.84375
7.96875 9.84375
8.125 9.84375
4.21875 9.6875
4.375 9.6875
4.53125 9.6875
4.6875 9.6875
4.84375 9.6875
5.0 9.6875
5.15625 9.6875
5.3125 9.6875
5.46875 9.6875
5.625 9.6875
5.78125 9.6875
5.9375 9.6875
6.09375 9.6875
6.25 9.6875
6.40625 9.6875
6.5625 9.6875
6.71875 9.6875
6.875 9.6875
7.03125 9.6875
7.1875 9.6875
7.34375 9.6875
7.5 9.6875
4.21875 9.53125
4.375 9.53125
4.53125 9.53125
4.6875 9.53125
4.84375 9.53125
5.0 9.53125
5.15625 9.53125
5.3125 9.53125
5.46875 9.53125
5.625 9.53125
5.78125 9.53125
5.9375 9.53125
6.09375 9.53125
6.25 9.53125
6.40625 9.53125
6.5625 9.53125
6.71875 9.53125
4.21875 9.375
4.375 9.375
4.53125 9.375
4.6875 9.375
4.84375 9.375
5.0 9.375
5.15625 9.375
5.3125 9.375
5.46875 9.375
5.625 9.375
5.78125 9.375
5.9375 9.375
6.09375 9.375
6.25 9.375
6.40625 9.375
6.5625 9.375
6.71875 9.375
4.21875 9.21875
4.375 9.21875
4.53125 9.21875
4.6875 9.21875
4.84375 9.21875
5.0 9.21875
5.15625 9.21875
5.3125 9.21875
5.46875 9.21875
5.625 9.21875
5.78125 9.21875
5.9375 9.21875
6.09375 9.21875
6.25 9.21875
6.40625 9.21875
6.5625 9.21875
6.71875 9.21875
4.21875 9.0625
4.375 9.0625
4.53125 9.0625
4.6875 9.0625
4.84375 9.0625
5.0 9.0625
5.15625 9.0625
5.3125 9.0625
5.46875 9.0625
5.625 9.0625
5.78125 9.0625
5.9375 9.0625
6.09375 9.0625
6.25 9.0625
6.40625 9.0625
6.5625 9.0625
6.71875 9.0625
4.21875 8.90625
4.375 8.90625
4.53125 8.90625
4.6875 8.90625
4.84375 8.90625
5.0 8.90625
5.15625 8.90625
5.3125 8.90625
5.46875 8.90625
5.625 8.90625
5.78125 8.90625
5.9375 8.90625
6.09375 8.90625
6.25 8.90625
6.40625 8.90625
6.5625 8.90625
6.71875 8.90625
4.21875 8.75
4.375 8.75
4.53125 8.75
4.6875 8.75
4.84375 8.75
5.0 8.75
5.15625 8.75
5.3125 8.75
5.46875 8.75
5.625 8.75
5.78125 8.75
5.9375 8.75
6.09375 8.75
6.25 8.75
4.21875 8.59375
4.375 8.59375
4.53125 8.59375
4.6875 8.59375
4.84375 8.59375
5.0 8.59375
5.15625 8.59375
5.3125 8.59375
5.46875 8.59375
5.625 8.59375
5.78125 8.59375
5.9375 8.59375
6.09375 8.59375
6.25 8.59375
4.21875 8.4375
4.375 8.4375
4.53125 8.4375
4.6875 8.4375
4.84375 8.4375
5.0 8.4375
5.15625 8.4375
5.3125 8.4375
5.46875 8.4375
5.625 8.4375
5.78125 8.4375
5.9375 8.4375
6.09375 8.4375
6.25 8.4375
4.21875 8.28125
4.375 8.28125
4.53125 8.28125
4.6875 8.28125
4.84375 8.28125
5.0 8.28125
5.15625 8.28125
5.3125 8.28125
5.46875 8.28125
5.625 8.28125
5.78125 8.28125
5.9375 8.28125
6.09375 8.28125
4.21875 8.125
4.375 8.125
4.53125 8.125
4.6875 8.125
4.84375 8.125
5.0 8.125
5.15625 8.125
5.3125 8.125
5.46875 8.125
4.21875 7.96875
4.375 7.96875
4.53125 7.96875
4.6875 7.96875
4.84375 7.96875
5.0 7.96875
5.15625 7.96875
5.3125 7.96875
5.46875 7.96875
4.21875 7.8125
4.375 7.8125
4.53125 7.8125
4.6875 7.8125
4.84375 7.8125
5.0 7.8125
4.21875 7.65625
4.375 7.65625
4.53125 7.65625
4.6875 7.65625
4.84375 7.65625
5.0 7.65625
4.21875 7.5
4.375 7.5
4.53125 7.5
4.21875 7.34375
4.375 7.34375
4.53125 7.34375
4.21875 7.1875
4.375 7.1875
4.21875 7.03125
