-1
-1
-1
-1
-1
-1
-1
-1
-1
-1
-1
0.6956521739130435
0.782608695652174
0.7272727272727273
0.7272727272727273
0.782608695652174
0.782608695652174
0.782608695652174
0.782608695652174
0.782608695652174
0.782608695652174
0.782608695652174
0.782608695652174
0.782608695652174
0.75
0.6956521739130435
0.6956521739130435
0.6666666666666666
0.6666666666666666
0.6956521739130435
0.6363636363636364
0.6956521739130435
0.6666666666666666
0.64
0.64
0.72
0.72
0.72
0.72
0.72
0.7692307692307693
0.8
0.8
0.782608695652174
0.88
0.75
0.8
0.75
0.75
0.8695652173913043
0.9166666666666666
-1
-1
-1
-1
-1
-1
-1
-1
-1
-1
-1
-1
-1
-1
-1
-1
-1
-1
-1
-1
-1
-1
-1
-1
-1
-1
-1
-1
-1
-1
-1
-1
-1
-1
-1
-1
-1
-1
-1
-1
-1
-1
-1
-1
-1
-1
-1
-1
-1
-1
-1
-1
-1
-1
-1
-1
-1
-1
-1
-1
-1
-1
-1
-1
-1
-1
-1
-1
-1
-1
-1
-1
-1
-1
-1
-1
-1
-1
-1
-1
-1
-1
-1
-1
-1
-1
-1
-1
-1
-1
-1
-1
-1
