-1
-1
-1
-1
-1
-1
-1
-1
-1
-1
-1
-1
-1
-1
-1
-1
-1
-1
-1
-1
-1
-1
-1
-1
-1
-1
-1
-1
-1
-1
-1
-1
-1
-1
-1
-1
-1
-1
-1
-1
-1
0.96
0.96
0.9565217391304348
1.0
0.9166666666666667
0.8799999999999999
0.9565217391304348
0.9565217391304348
0.9565217391304348
0.9166666666666667
0.9166666666666667
0.9090909090909092
0.9565217391304348
0.8333333333333333
0.8333333333333333
0.8695652173913044
0.8333333333333333
0.8695652173913044
0.8333333333333333
0.8695652173913044
0.8695652173913044
0.8695652173913044
0.8695652173913044
0.8695652173913044
0.9565217391304348
0.9166666666666667
0.8695652173913044
0.8695652173913044
0.8333333333333333
0.75
0.8333333333333333
0.7826086956521738
0.7826086956521738
0.8695652173913044
0.9166666666666667
0.9166666666666667
0.9166666666666667
0.9166666666666667
1.0
1.0
0.9565217391304348
1.0
1.0
0.9565217391304348
0.9166666666666666
0.8695652173913043
0.8695652173913043
0.8695652173913043
0.8695652173913043
0.8333333333333334
0.88
0.8333333333333334
0.8333333333333334
0.782608695652174
0.782608695652174
0.88
0.6956521739130435
0.8333333333333334
0.8333333333333334
0.88
0.8333333333333334
0.8333333333333334
0.8333333333333334
0.8333333333333334
0.8333333333333334
-1
-1
-1
-1
-1
-1
-1
-1
-1
-1
-1
-1
-1
-1
-1
-1
-1
-1
-1
-1
-1
-1
-1
-1
-1
-1
-1
-1
-1
-1
-1
-1
-1
-1
-1
-1
-1
-1
