-8.59375 39.84375
-8.4375 39.84375
-8.28125 39.84375
-8.125 39.84375
-7.96875 39.84375
-7.8125 39.84375
-7.65625 39.84375
-7.5 39.84375
-7.34375 39.84375
-7.1875 39.84375
-7.03125 39.84375
-8.59375 39.6875
-8.4375 39.6875
-8.28125 39.6875
-8.125 39.6875
-7.96875 39.6875
-7.8125 39.6875
-7.65625 39.6875
-7.5 39.6875
-7.34375 39.6875
-7.1875 39.6875
-7.03125 39.6875
-8.59375 39.53125
-8.4375 39.53125
-8.28125 39.53125
-8.125 39.53125
-7.96875 39.53125
-7.8125 39.53125
-7.65625 39.53125
-7.5 39.53125
-7.34375 39.53125
-7.1875 39.53125
-7.03125 39.53125
-8.59375 39.375
-8.4375 39.375
-8.28125 39.375
-8.125 39.375
-7.96875 39.375
-7.8125 39.375
-7.65625 39.375
-7.5 39.375
-7.34375 39.375
-7.1875 39.375
-7.03125 39.375
-8.59375 39.21875
-8.4375 39.21875
-8.28125 39.21875
-8.125 39.21875
-7.96875 39.21875
-7.8125 39.21875
-7.65625 39.21875
-7.5 39.21875
-7.34375 39.21875
-7.1875 39.21875
-7.03125 39.21875
-8.59375 39.0625
-8.4375 39.0625
-8.28125 39.0625
-8.125 39.0625
-7.96875 39.0625
-7.8125 39.0625
-7.65625 39.0625
-7.5 39.0625
-7.34375 39.0625
-7.1875 39.0625
-7.03125 39.0625
-8.59375 38.90625
-8.4375 38.90625
-8.28125 38.90625
-8.125 38.90625
-7.96875 38.90625
-7.8125 38.90625
-7.65625 38.90625
-7.5 38.90625
-7.34375 38.90625
-7.1875 38.90625
-7.03125 38.90625
-8.59375 38.75
-8.4375 38.75
-8.28125 38.75
-8.125 38.75
-7.96875 38.75
-7.8125 38.75
-7.65625 38.75
-7.5 38.75
-7.34375 38.75
-7.1875 38.75
-7.03125 38.75
-8.59375 38.59375
-8.4375 38.59375
-8.28125 38.59375
-8.125 38.59375
-7.96875 38.59375
-7.8125 38.59375
-7.65625 38.59375
-7.5 38.59375
-7.34375 38.59375
-7.1875 38.59375
-7.03125 38.59375
-8.59375 38.4375
-8.4375 38.4375
-8.28125 38.4375
-8.125 38.4375
-7.96875 38.4375
-7.8125 38.4375
-7.65625 38.4375
-7.5 38.4375
-7.34375 38.4375
-7.1875 38.4375
-7.03125 38.4375
-8.59375 38.28125
-8.4375 38.28125
-8.28125 38.28125
-8.125 38.28125
-7.96875 38.28125
-7.8125 38.28125
-7.65625 38.28125
-7.5 38.28125
-7.34375 38.28125
-7.1875 38.28125
-7.03125 38.28125
-8.59375 38.125
-8.4375 38.125
-8.28125 38.125
-8.125 38.125
-7.96875 38.125
-7.8125 38.125
-7.65625 38.125
-7.5 38.125
-7.34375 38.125
-7.1875 38.125
-7.03125 38.125
-8.59375 37.96875
-8.4375 37.96875
-8.28125 37.96875
-8.125 37.96875
-7.96875 37.96875
-7.8125 37.96875
-7.65625 37.96875
-7.5 37.96875
-7.34375 37.96875
-7.1875 37.96875
-7.03125 37.96875
-8.59375 37.8125
-8.4375 37.8125
-8.28125 37.8125
-8.125 37.8125
-7.96875 37.8125
-7.8125 37.8125
-7.65625 37.8125
-7.5 37.8125
-7.34375 37.8125
-7.1875 37.8125
-7.03125 37.8125
-6.875 37.8125
-6.71875 37.8125
-8.59375 37.65625
-8.4375 37.65625
-8.28125 37.65625
-8.125 37.65625
-7.96875 37.65625
-7.8125 37.65625
-7.65625 37.65625
-7.5 37.65625
-7.34375 37.65625
-7.1875 37.65625
-7.03125 37.65625
-6.875 37.65625
-6.71875 37.65625
-8.59375 37.5
-8.4375 37.5
-8.28125 37.5
-8.125 37.5
-7.96875 37.5
-7.8125 37.5
-7.65625 37.5
-7.5 37.5
-7.34375 37.5
-7.1875 37.5
-7.03125 37.5
-6.875 37.5
-6.71875 37.5
-8.59375 37.34375
-8.4375 37.34375
-8.28125 37.34375
-8.125 37.34375
-7.96875 37.34375
-7.8125 37.34375
-7.65625 37.34375
-7.5 37.34375
-7.34375 37.34375
-7.1875 37.34375
-7.03125 37.34375
-6.875 37.34375
-6.71875 37.34375
-8.59375 37.1875
-8.4375 37.1875
-8.28125 37.1875
-8.125 37.1875
-7.96875 37.1875
-7.8125 37.1875
-7.65625 37.1875
-7.5 37.1875
-7.34375 37.1875
-7.1875 37.1875
-7.03125 37.1875
-6.875 37.1875
-6.71875 37.1875
-6.5625 37.1875
-8.59375 37.03125
-8.4375 37.03125
-8.28125 37.03125
-8.125 37.03125
-7.96875 37.03125
-7.8125 37.03125
-7.65625 37.03125
-7.5 37.03125
-7.34375 37.03125
-7.1875 37.03125
-7.03125 37.03125
-6.875 37.03125
-6.71875 37.03125
-6.5625 37.03125
-8.59375 36.875
-8.4375 36.875
-8.28125 36.875
-8.125 36.875
-7.96875 36.875
-7.8125 36.875
-7.65625 36.875
-7.5 36.875
-7.34375 36.875
-7.1875 36.875
-7.03125 36.875
-6.875 36.875
-6.71875 36.875
-6.5625 36.875
-6.40625 36.875
-8.59375 36.71875
-8.4375 36.71875
-8.28125 36.71875
-8.125 36.71875
-7.96875 36.71875
-7.8125 36.71875
-7.65625 36.71875
-7.5 36.71875
-7.34375 36.71875
-7.1875 36.71875
-7.03125 36.71875
-6.875 36.71875
-6.71875 36.71875
-6.5625 36.71875
-6.40625 36.71875
-8.59375 36.5625
-8.4375 36.5625
-8.28125 36.5625
-8.125 36.5625
-7.96875 36.5625
-7.8125 36.5625
-7.65625 36.5625
-7.5 36.5625
-7.34375 36.5625
-7.1875 36.5625
-7.03125 36.5625
-6.875 36.5625
-6.71875 36.5625
-6.5625 36.5625
-6.40625 36.5625
-8.59375 36.40625
-8.4375 36.40625
-8.28125 36.40625
-8.125 36.40625
-7.96875 36.40625
-7.8125 36.40625
-7.65625 36.40625
-7.5 36.40625
-7.34375 36.40625
-7.1875 36.40625
-7.03125 36.40625
-6.875 36.40625
-6.71875 36.40625
-6.5625 36.40625
-6.40625 36.40625
-6.25 36.40625
-8.59375 36.25
-8.4375 36.25
-8.28125 36.25
-8.125 36.25
-7.96875 36.25
-7.8125 36.25
-7.65625 36.25
-7.5 36.25
-7.34375 36.25
-7.1875 36.25
-7.03125 36.25
-6.875 36.25
-6.71875 36.25
-6.5625 36.25
-6.40625 36.25
-6.25 36.25
-8.59375 36.09375
-8.4375 36.09375
-8.28125 36.09375
-8.125 36.09375
-7.96875 36.09375
-7.8125 36.09375
-7.65625 36.09375
-7.5 36.09375
-7.34375 36.09375
-7.1875 36.09375
-7.03125 36.09375
-6.875 36.09375
-6.71875 36.09375
-6.5625 36.09375
-6.40625 36.09375
-6.25 36.09375
-6.09375 36.09375
-8.59375 35.9375
-8.4375 35.9375
-8.28125 35.9375
-8.125 35.9375
-7.96875 35.9375
-7.8125 35.9375
-7.65625 35.9375
-7.5 35.9375
-7.34375 35.9375
-7.1875 35.9375
-7.03125 35.9375
-6.875 35.9375
-6.71875 35.9375
-6.5625 35.9375
-6.40625 35.9375
-6.25 35.9375
-6.09375 35.9375
-8.59375 35.78125
-8.4375 35.78125
-8.28125 35.78125
-8.125 35.78125
-7.96875 35.78125
-7.8125 35.78125
-7.65625 35.78125
-7.5 35.78125
-7.34375 35.78125
-7.1875 35.78125
-7.03125 35.78125
-6.875 35.78125
-6.71875 35.78125
-6.5625 35.78125
-6.40625 35.78125
-6.25 35.78125
-6.09375 35.78125
-8.59375 35.625
-8.4375 35.625
-8.28125 35.625
-8.125 35.625
-7.96875 35.625
-7.8125 35.625
-7.65625 35.625
-7.5 35.625
-7.34375 35.625
-7.1875 35.625
-7.03125 35.625
-6.875 35.625
-6.71875 35.625
-6.5625 35.625
-6.40625 35.625
-6.25 35.625
-6.09375 35.625
-5.9375 35.625
-8.59375 35.46875
-8.4375 35.46875
-8.28125 35.46875
-8.125 35.46875
-7.96875 35.46875
-7.8125 35.46875
-7.65625 35.46875
-7.5 35.46875
-7.34375 35.46875
-7.1875 35.46875
-7.03125 35.46875
-6.875 35.46875
-6.71875 35.46875
-6.5625 35.46875
-6.40625 35.46875
-6.25 35.46875
-6.09375 35.46875
-5.9375 35.46875
-5.78125 35.46875
-8.59375 35.3125
-8.4375 35.3125
-8.28125 35.3125
-8.125 35.3125
-7.96875 35.3125
-7.8125 35.3125
-7.65625 35.3125
-7.5 35.3125
-7.34375 35.3125
-7.1875 35.3125
-7.03125 35.3125
-6.875 35.3125
-6.71875 35.3125
-6.5625 35.3125
-6.40625 35.3125
-6.25 35.3125
-6.09375 35.3125
-5.9375 35.3125
-5.78125 35.3125
-8.59375 35.15625
-8.4375 35.15625
-8.28125 35.15625
-8.125 35.15625
-7.96875 35.15625
-7.8125 35.15625
-7.65625 35.15625
-7.5 35.15625
-7.34375 35.15625
-7.1875 35.15625
-7.03125 35.15625
-6.875 35.15625
-6.71875 35.15625
-6.5625 35.15625
-6.40625 35.15625
-6.25 35.15625
-6.09375 35.15625
-5.9375 35.15625
-5.78125 35.15625
-8.75 35.0
-8.59375 35.0
-8.4375 35.0
-8.28125 35.0
-8.125 35.0
-7.96875 35.0
-7.8125 35.0
-7.65625 35.0
-7.5 35.0
-7.34375 35.0
-7.1875 35.0
-7.03125 35.0
-6.875 35.0
-6.71875 35.0
-6.5625 35.0
-6.40625 35.0
-6.25 35.0
-6.09375 35.0
-5.9375 35.0
-5.78125 35.0
-5.625 35.0
-8.75 34.84375
-8.59375 34.84375
-8.4375 34.84375
-8.28125 34.84375
-8.125 34.84375
-7.96875 34.84375
-7.8125 34.84375
-7.65625 34.84375
-7.5 34.84375
-7.34375 34.84375
-7.1875 34.84375
-7.03125 34.84375
-6.875 34.84375
-6.71875 34.84375
-6.5625 34.84375
-6.40625 34.84375
-6.25 34.84375
-6.09375 34.84375
-5.9375 34.84375
-5.78125 34.84375
-5.625 34.84375
-8.75 34.6875
-8.59375 34.6875
-8.4375 34.6875
-8.28125 34.6875
-8.125 34.6875
-7.96875 34.6875
-7.8125 34.6875
-7.65625 34.6875
-7.5 34.6875
-7.34375 34.6875
-7.1875 34.6875
-7.03125 34.6875
-6.875 34.6875
-6.71875 34.6875
-6.5625 34.6875
-6.40625 34.6875
-6.25 34.6875
-6.09375 34.6875
-5.9375 34.6875
-5.78125 34.6875
-5.625 34.6875
-8.75 34.53125
-8.59375 34.53125
-8.4375 34.53125
-8.28125 34.53125
-8.125 34.53125
-7.96875 34.53125
-7.8125 34.53125
-7.65625 34.53125
-7.5 34.53125
-7.34375 34.53125
-7.1875 34.53125
-7.03125 34.53125
-6.875 34.53125
-6.71875 34.53125
-6.5625 34.53125
-6.40625 34.53125
-6.25 34.53125
-6.09375 34.53125
-5.9375 34.53125
-5.78125 34.53125
-5.625 34.53125
-8.75 34.375
-8.59375 34.375
-8.4375 34.375
-8.28125 34.375
-8.125 34.375
-7.96875 34.375
-7.8125 34.375
-7.65625 34.375
-7.5 34.375
-7.34375 34.375
-7.1875 34.375
-7.03125 34.375
-6.875 34.375
-6.71875 34.375
-6.5625 34.375
-6.40625 34.375
-6.25 34.375
-6.09375 34.375
-5.9375 34.375
-5.78125 34.375
-5.625 34.375
-5.46875 34.375
-5.3125 34.375
-8.75 34.21875
-8.59375 34.21875
-8.4375 34.21875
-8.28125 34.21875
-8.125 34.21875
-7.96875 34.21875
-7.8125 34.21875
-7.65625 34.21875
-7.5 34.21875
-7.34375 34.21875
-7.1875 34.21875
-7.03125 34.21875
-6.875 34.21875
-6.71875 34.21875
-6.5625 34.21875
-6.40625 34.21875
-6.25 34.21875
-6.09375 34.21875
-5.9375 34.21875
-5.78125 34.21875
-5.625 34.21875
-5.46875 34.21875
-5.3125 34.21875
-8.75 34.0625
-8.59375 34.0625
-8.4375 34.0625
-8.28125 34.0625
-8.125 34.0625
-7.96875 34.0625
-7.8125 34.0625
-7.65625 34.0625
-7.5 34.0625
-7.34375 34.0625
-7.1875 34.0625
-7.03125 34.0625
-6.875 34.0625
-6.71875 34.0625
-6.5625 34.0625
-6.40625 34.0625
-6.25 34.0625
-6.09375 34.0625
-5.9375 34.0625
-5.78125 34.0625
-5.625 34.0625
-5.46875 34.0625
-5.3125 34.0625
-8.75 33.90625
-8.59375 33.90625
-8.4375 33.90625
-8.28125 33.90625
-8.125 33.90625
-7.96875 33.90625
-7.8125 33.90625
-7.65625 33.90625
-7.5 33.90625
-7.34375 33.90625
-7.1875 33.90625
-7.03125 33.90625
-6.875 33.90625
-6.71875 33.90625
-6.5625 33.90625
-6.40625 33.90625
-6.25 33.90625
-6.09375 33.90625
-5.9375 33.90625
-5.78125 33.90625
-5.625 33.90625
-5.46875 33.90625
-5.3125 33.90625
-5.15625 33.90625
-8.75 33.75
-8.59375 33.75
-8.4375 33.75
-8.28125 33.75
-8.125 33.75
-7.96875 33.75
-7.8125 33.75
-7.65625 33.75
-7.5 33.75
-7.34375 33.75
-7.1875 33.75
-7.03125 33.75
-6.875 33.75
-6.71875 33.75
-6.5625 33.75
-6.40625 33.75
-6.25 33.75
-6.09375 33.75
-5.9375 33.75
-5.78125 33.75
-5.625 33.75
-5.46875 33.75
-5.3125 33.75
-5.15625 33.75
-5.0 33.75
-8.75 33.59375
-8.59375 33.59375
-8.4375 33.59375
-8.28125 33.59375
-8.125 33.59375
-7.96875 33.59375
-7.8125 33.59375
-7.65625 33.59375
-7.5 33.59375
-7.34375 33.59375
-7.1875 33.59375
-7.03125 33.59375
-6.875 33.59375
-6.71875 33.59375
-6.5625 33.59375
-6.40625 33.59375
-6.25 33.59375
-6.09375 33.59375
-5.9375 33.59375
-5.78125 33.59375
-5.625 33.59375
-5.46875 33.59375
-5.3125 33.59375
-5.15625 33.59375
-5.0 33.59375
-8.75 33.4375
-8.59375 33.4375
-8.4375 33.4375
-8.28125 33.4375
-8.125 33.4375
-7.96875 33.4375
-7.8125 33.4375
-7.65625 33.4375
-7.5 33.4375
-7.34375 33.4375
-7.1875 33.4375
-7.03125 33.4375
-6.875 33.4375
-6.71875 33.4375
-6.5625 33.4375
-6.40625 33.4375
-6.25 33.4375
-6.09375 33.4375
-5.9375 33.4375
-5.78125 33.4375
-5.625 33.4375
-5.46875 33.4375
-5.3125 33.4375
-5.15625 33.4375
-5.0 33.4375
-4.84375 33.4375
-8.75 33.28125
-8.59375 33.28125
-8.4375 33.28125
-8.28125 33.28125
-8.125 33.28125
-7.96875 33.28125
-7.8125 33.28125
-7.65625 33.28125
-7.5 33.28125
-7.34375 33.28125
-7.1875 33.28125
-7.03125 33.28125
-6.875 33.28125
-6.71875 33.28125
-6.5625 33.28125
-6.40625 33.28125
-6.25 33.28125
-6.09375 33.28125
-5.9375 33.28125
-5.78125 33.28125
-5.625 33.28125
-5.46875 33.28125
-5.3125 33.28125
-5.15625 33.28125
-5.0 33.28125
-4.84375 33.28125
-8.75 33.125
-8.59375 33.125
-8.4375 33.125
-8.28125 33.125
-8.125 33.125
-7.96875 33.125
-7.8125 33.125
-7.65625 33.125
-7.5 33.125
-7.34375 33.125
-7.1875 33.125
-7.03125 33.125
-6.875 33.125
-6.71875 33.125
-6.5625 33.125
-6.40625 33.125
-6.25 33.125
-6.09375 33.125
-5.9375 33.125
-5.78125 33.125
-5.625 33.125
-5.46875 33.125
-5.3125 33.125
-5.15625 33.125
-5.0 33.125
-4.84375 33.125
-8.75 32.96875
-8.59375 32.96875
-8.4375 32.96875
-8.28125 32.96875
-8.125 32.96875
-7.96875 32.96875
-7.8125 32.96875
-7.65625 32.96875
-7.5 32.96875
-7.34375 32.96875
-7.1875 32.96875
-7.03125 32.96875
-6.875 32.96875
-6.71875 32.96875
-6.5625 32.96875
-6.40625 32.96875
-6.25 32.96875
-6.09375 32.96875
-5.9375 32.96875
-5.78125 32.96875
-5.625 32.96875
-5.46875 32.96875
-5.3125 32.96875
-5.15625 32.96875
-5.0 32.96875
-4.84375 32.96875
-4.6875 32.96875
-8.75 32.8125
-8.59375 32.8125
-8.4375 32.8125
-8.28125 32.8125
-8.125 32.8125
-7.96875 32.8125
-7.8125 32.8125
-7.65625 32.8125
-7.5 32.8125
-7.34375 32.8125
-7.1875 32.8125
-7.03125 32.8125
-6.875 32.8125
-6.71875 32.8125
-6.5625 32.8125
-6.40625 32.8125
-6.25 32.8125
-6.09375 32.8125
-5.9375 32.8125
-5.78125 32.8125
-5.625 32.8125
-5.46875 32.8125
-5.3125 32.8125
-5.15625 32.8125
-5.0 32.8125
-4.84375 32.8125
-4.6875 32.8125
-8.75 32.65625
-8.59375 32.65625
-8.4375 32.65625
-8.28125 32.65625
-8.125 32.65625
-7.96875 32.65625
-7.8125 32.65625
-7.65625 32.65625
-7.5 32.65625
-7.34375 32.65625
-7.1875 32.65625
-7.03125 32.65625
-6.875 32.65625
-6.71875 32.65625
-6.5625 32.65625
-6.40625 32.65625
-6.25 32.65625
-6.09375 32.65625
-5.9375 32.65625
-5.78125 32.65625
-5.625 32.65625
-5.46875 32.65625
-5.3125 32.65625
-5.15625 32.65625
-5.0 32.65625
-4.84375 32.65625
-4.6875 32.65625
-8.75 32.5
-8.59375 32.5
-8.4375 32.5
-8.28125 32.5
-8.125 32.5
-7.96875 32.5
-7.8125 32.5
-7.65625 32.5
-7.5 32.5
-7.34375 32.5
-7.1875 32.5
-7.03125 32.5
-6.875 32.5
-6.71875 32.5
-6.5625 32.5
-6.40625 32.5
-6.25 32.5
-6.09375 32.5
-5.9375 32.5
-5.78125 32.5
-5.625 32.5
-5.46875 32.5
-5.3125 32.5
-5.15625 32.5
-5.0 32.5
-4.84375 32.5
-4.6875 32.5
-8.75 32.34375
-8.59375 32.34375
-8.4375 32.34375
-8.28125 32.34375
-8.125 32.34375
-7.96875 32.34375
-7.8125 32.34375
-7.65625 32.34375
-7.5 32.34375
-7.34375 32.34375
-7.1875 32.34375
-7.03125 32.34375
-6.875 32.34375
-6.71875 32.34375
-6.5625 32.34375
-6.40625 32.34375
-6.25 32.34375
-6.09375 32.34375
-5.9375 32.34375
-5.78125 32.34375
-5.625 32.34375
-5.46875 32.34375
-5.3125 32.34375
-5.15625 32.34375
-5.0 32.34375
-4.84375 32.34375
-4.6875 32.34375
-8.75 32.1875
-8.59375 32.1875
-8.4375 32.1875
-8.28125 32.1875
-8.125 32.1875
-7.96875 32.1875
-7.8125 32.1875
-7.65625 32.1875
-7.5 32.1875
-7.34375 32.1875
-7.1875 32.1875
-7.03125 32.1875
-6.875 32.1875
-6.71875 32.1875
-6.5625 32.1875
-6.40625 32.1875
-6.25 32.1875
-6.09375 32.1875
-5.9375 32.1875
-5.78125 32.1875
-5.625 32.1875
-5.46875 32.1875
-5.3125 32.1875
-5.15625 32.1875
-5.0 32.1875
-4.84375 32.1875
-4.6875 32.1875
-8.75 32.03125
-8.59375 32.03125
-8.4375 32.03125
-8.28125 32.03125
-8.125 32.03125
-7.96875 32.03125
-7.8125 32.03125
-7.65625 32.03125
-7.5 32.03125
-7.34375 32.03125
-7.1875 32.03125
-7.03125 32.03125
-6.875 32.03125
-6.71875 32.03125
-6.5625 32.03125
-6.40625 32.03125
-6.25 32.03125
-6.09375 32.03125
-5.9375 32.03125
-5.78125 32.03125
-5.625 32.03125
-5.46875 32.03125
-5.3125 32.03125
-5.15625 32.03125
-5.0 32.03125
-4.84375 32.03125
-4.6875 32.03125
-8.75 31.875
-8.59375 31.875
-8.4375 31.875
-8.28125 31.875
-8.125 31.875
-7.96875 31.875
-7.8125 31.875
-7.65625 31.875
-7.5 31.875
-7.34375 31.875
-7.1875 31.875
-7.03125 31.875
-6.875 31.875
-6.71875 31.875
-6.5625 31.875
-6.40625 31.875
-6.25 31.875
-6.09375 31.875
-5.9375 31.875
-5.78125 31.875
-5.625 31.875
-5.46875 31.875
-5.3125 31.875
-5.15625 31.875
-5.0 31.875
-4.84375 31.875
-4.6875 31.875
-8.75 31.71875
-8.59375 31.71875
-8.4375 31.71875
-8.28125 31.71875
-8.125 31.71875
-7.96875 31.71875
-7.8125 31.71875
-7.65625 31.71875
-7.5 31.71875
-7.34375 31.71875
-7.1875 31.71875
-7.03125 31.71875
-6.875 31.71875
-6.71875 31.71875
-6.5625 31.71875
-6.40625 31.71875
-6.25 31.71875
-6.09375 31.71875
-5.9375 31.71875
-5.78125 31.71875
-5.625 31.71875
-5.46875 31.71875
-5.3125 31.71875
-5.15625 31.71875
-5.0 31.71875
-4.84375 31.71875
-4.6875 31.71875
-8.75 31.5625
-8.59375 31.5625
-8.4375 31.5625
-8.28125 31.5625
-8.125 31.5625
-7.96875 31.5625
-7.8125 31.5625
-7.65625 31.5625
-7.5 31.5625
-7.34375 31.5625
-7.1875 31.5625
-7.03125 31.5625
-6.875 31.5625
-6.71875 31.5625
-6.5625 31.5625
-6.40625 31.5625
-6.25 31.5625
-6.09375 31.5625
-5.9375 31.5625
-5.78125 31.5625
-5.625 31.5625
-5.46875 31.5625
-5.3125 31.5625
-5.15625 31.5625
-5.0 31.5625
-4.84375 31.5625
-4.6875 31.5625
-8.75 31.40625
-8.59375 31.40625
-8.4375 31.40625
-8.28125 31.40625
-8.125 31.40625
-7.96875 31.40625
-7.8125 31.40625
-7.65625 31.40625
-7.5 31.40625
-7.34375 31.40625
-7.1875 31.40625
-7.03125 31.40625
-6.875 31.40625
-6.71875 31.40625
-6.5625 31.40625
-6.40625 31.40625
-6.25 31.40625
-6.09375 31.40625
-5.9375 31.40625
-5.78125 31.40625
-5.625 31.40625
-5.46875 31.40625
-5.3125 31.40625
-5.15625 31.40625
-5.0 31.40625
-4.84375 31.40625
-4.6875 31.40625
-8.75 31.25
-8.59375 31.25
-8.4375 31.25
-8.28125 31.25
-8.125 31.25
-7.96875 31.25
-7.8125 31.25
-7.65625 31.25
-7.5 31.25
-7.34375 31.25
-7.1875 31.25
-7.03125 31.25
-6.875 31.25
-6.71875 31.25
-6.5625 31.25
-6.40625 31.25
-6.25 31.25
-6.09375 31.25
-5.9375 31.25
-5.78125 31.25
-5.625 31.25
-5.46875 31.25
-5.3125 31.25
-5.15625 31.25
-5.0 31.25
-4.84375 31.25
-4.6875 31.25
-8.75 31.09375
-8.59375 31.09375
-8.4375 31.09375
-8.28125 31.09375
-8.125 31.09375
-7.96875 31.09375
-7.8125 31.09375
-7.65625 31.09375
-7.5 31.09375
-7.34375 31.09375
-7.1875 31.09375
-7.03125 31.09375
-6.875 31.09375
-6.71875 31.09375
-6.5625 31.09375
-6.40625 31.09375
-6.25 31.09375
-6.09375 31.09375
-5.9375 31.09375
-5.78125 31.09375
-5.625 31.09375
-5.46875 31.09375
-5.3125 31.09375
-5.15625 31.09375
-5.0 31.09375
-4.84375 31.09375
-4.6875 31.09375
-8.75 30.9375
-8.59375 30.9375
-8.4375 30.9375
-8.28125 30.9375
-8.125 30.9375
-7.96875 30.9375
-7.8125 30.9375
-7.65625 30.9375
-7.5 30.9375
-7.34375 30.9375
-7.1875 30.9375
-7.03125 30.9375
-6.875 30.9375
-6.71875 30.9375
-6.5625 30.9375
-6.40625 30.9375
-6.25 30.9375
-6.09375 30.9375
-5.9375 30.9375
-5.78125 30.9375
-5.625 30.9375
-5.46875 30.9375
-5.3125 30.9375
-5.15625 30.9375
-5.0 30.9375
-4.84375 30.9375
-4.6875 30.9375
-8.75 30.78125
-8.59375 30.78125
-8.4375 30.78125
-8.28125 30.78125
-8.125 30.78125
-7.96875 30.78125
-7.8125 30.78125
-7.65625 30.78125
-7.5 30.78125
-7.34375 30.78125
-7.1875 30.78125
-7.03125 30.78125
-6.875 30.78125
-6.71875 30.78125
-6.5625 30.78125
-6.40625 30.78125
-6.25 30.78125
-6.09375 30.78125
-5.9375 30.78125
-5.78125 30.78125
-5.625 30.78125
-5.46875 30.78125
-5.3125 30.78125
-5.15625 30.78125
-5.0 30.78125
-4.84375 30.78125
-4.6875 30.78125
-8.75 30.625
-8.59375 30.625
-8.4375 30.625
-8.28125 30.625
-8.125 30.625
-7.96875 30.625
-7.8125 30.625
-7.65625 30.625
-7.5 30.625
-7.34375 30.625
-7.1875 30.625
-7.03125 30.625
-6.875 30.625
-6.71875 30.625
-6.5625 30.625
-6.40625 30.625
-6.25 30.625
-6.09375 30.625
-5.9375 30.625
-5.78125 30.625
-5.625 30.625
-5.46875 30.625
-5.3125 30.625
-5.15625 30.625
-5.0 30.625
-4.84375 30.625
-4.6875 30.625
-8.75 30.46875
-8.59375 30.46875
-8.4375 30.46875
-8.28125 30.46875
-8.125 30.46875
-7.96875 30.46875
-7.8125 30.46875
-7.65625 30.46875
-7.5 30.46875
-7.34375 30.46875
-7.1875 30.46875
-7.03125 30.46875
-6.875 30.46875
-6.71875 30.46875
-6.5625 30.46875
-6.40625 30.46875
-6.25 30.46875
-6.09375 30.46875
-5.9375 30.46875
-5.78125 30.46875
-5.625 30.46875
-5.46875 30.46875
-5.3125 30.46875
-5.15625 30.46875
-5.0 30.46875
-4.84375 30.46875
-4.6875 30.46875
-8.75 30.3125
-8.59375 30.3125
-8.4375 30.3125
-8.28125 30.3125
-8.125 30.3125
-7.96875 30.3125
-7.8125 30.3125
-7.65625 30.3125
-7.5 30.3125
-7.34375 30.3125
-7.1875 30.3125
-7.03125 30.3125
-6.875 30.3125
-6.71875 30.3125
-6.5625 30.3125
-6.40625 30.3125
-6.25 30.3125
-6.09375 30.3125
-5.9375 30.3125
-5.78125 30.3125
-5.625 30.3125
-5.46875 30.3125
-5.3125 30.3125
-5.15625 30.3125
-5.0 30.3125
-4.84375 30.3125
-4.6875 30.3125
-8.75 30.15625
-8.59375 30.15625
-8.4375 30.15625
-8.28125 30.15625
-8.125 30.15625
-7.96875 30.15625
-7.8125 30.15625
-7.65625 30.15625
-7.5 30.15625
-7.34375 30.15625
-7.1875 30.15625
-7.03125 30.15625
-6.875 30.15625
-6.71875 30.15625
-6.5625 30.15625
-6.40625 30.15625
-6.25 30.15625
-6.09375 30.15625
-5.9375 30.15625
-5.78125 30.15625
-5.625 30.15625
-5.46875 30.15625
-5.3125 30.15625
-5.15625 30.15625
-5.0 30.15625
-4.84375 30.15625
-4.6875 30.15625
-8.75 30.0
-8.59375 30.0
-8.4375 30.0
-8.28125 30.0
-8.125 30.0
-7.96875 30.0
-7.8125 30.0
-7.65625 30.0
-7.5 30.0
-7.34375 30.0
-7.1875 30.0
-7.03125 30.0
-6.875 30.0
-6.71875 30.0
-6.5625 30.0
-6.40625 30.0
-6.25 30.0
-6.09375 30.0
-5.9375 30.0
-5.78125 30.0
-5.625 30.0
-5.46875 30.0
-5.3125 30.0
-5.15625 30.0
-5.0 30.0
-4.84375 30.0
-4.6875 30.0
-8.75 29.84375
-8.59375 29.84375
-8.4375 29.84375
-8.28125 29.84375
-8.125 29.84375
-7.96875 29.84375
-7.8125 29.84375
-7.65625 29.84375
-7.5 29.84375
-7.34375 29.84375
-7.1875 29.84375
-7.03125 29.84375
-6.875 29.84375
-6.71875 29.84375
-6.5625 29.84375
-6.40625 29.84375
-6.25 29.84375
-6.09375 29.84375
-5.9375 29.84375
-5.78125 29.84375
-5.625 29.84375
-5.46875 29.84375
-5.3125 29.84375
-5.15625 29.84375
-5.0 29.84375
-4.84375 29.84375
-4.6875 29.84375
-8.75 29.6875
-8.59375 29.6875
-8.4375 29.6875
-8.28125 29.6875
-8.125 29.6875
-7.96875 29.6875
-7.8125 29.6875
-7.65625 29.6875
-7.5 29.6875
-7.34375 29.6875
-7.1875 29.6875
-7.03125 29.6875
-6.875 29.6875
-6.71875 29.6875
-6.5625 29.6875
-6.40625 29.6875
-6.25 29.6875
-6.09375 29.6875
-5.9375 29.6875
-5.78125 29.6875
-5.625 29.6875
-5.46875 29.6875
-5.3125 29.6875
-5.15625 29.6875
-5.0 29.6875
-4.84375 29.6875
-4.6875 29.6875
-8.75 29.53125
-8.59375 29.53125
-8.4375 29.53125
-8.28125 29.53125
-8.125 29.53125
-7.96875 29.53125
-7.8125 29.53125
-7.65625 29.53125
-7.5 29.53125
-7.34375 29.53125
-7.1875 29.53125
-7.03125 29.53125
-6.875 29.53125
-6.71875 29.53125
-6.5625 29.53125
-6.40625 29.53125
-6.25 29.53125
-6.09375 29.53125
-5.9375 29.53125
-5.78125 29.53125
-5.625 29.53125
-5.46875 29.53125
-5.3125 29.53125
-5.15625 29.53125
-5.0 29.53125
-4.84375 29.53125
-4.6875 29.53125
-8.75 29.375
-8.59375 29.375
-8.4375 29.375
-8.28125 29.375
-8.125 29.375
-7.96875 29.375
-7.8125 29.375
-7.65625 29.375
-7.5 29.375
-7.34375 29.375
-7.1875 29.375
-7.03125 29.375
-6.875 29.375
-6.71875 29.375
-6.5625 29.375
-6.40625 29.375
-6.25 29.375
-6.09375 29.375
-5.9375 29.375
-5.78125 29.375
-5.625 29.375
-5.46875 29.375
-5.3125 29.375
-5.15625 29.375
-5.0 29.375
-4.84375 29.375
-4.6875 29.375
-8.75 29.21875
-8.59375 29.21875
-8.4375 29.21875
-8.28125 29.21875
-8.125 29.21875
-7.96875 29.21875
-7.8125 29.21875
-7.65625 29.21875
-7.5 29.21875
-7.34375 29.21875
-7.1875 29.21875
-7.03125 29.21875
-6.875 29.21875
-6.71875 29.21875
-6.5625 29.21875
-6.40625 29.21875
-6.25 29.21875
-6.09375 29.21875
-5.9375 29.21875
-5.78125 29.21875
-5.625 29.21875
-5.46875 29.21875
-5.3125 29.21875
-5.15625 29.21875
-5.0 29.21875
-4.84375 29.21875
-4.6875 29.21875
-8.75 29.0625
-8.59375 29.0625
-8.4375 29.0625
-8.28125 29.0625
-8.125 29.0625
-7.96875 29.0625
-7.8125 29.0625
-7.65625 29.0625
-7.5 29.0625
-7.34375 29.0625
-7.1875 29.0625
-7.03125 29.0625
-6.875 29.0625
-6.71875 29.0625
-6.5625 29.0625
-6.40625 29.0625
-6.25 29.0625
-6.09375 29.0625
-5.9375 29.0625
-5.78125 29.0625
-5.625 29.0625
-5.46875 29.0625
-5.3125 29.0625
-5.15625 29.0625
-5.0 29.0625
-4.84375 29.0625
-4.6875 29.0625
-8.75 28.90625
-8.59375 28.90625
-8.4375 28.90625
-8.28125 28.90625
-8.125 28.90625
-7.96875 28.90625
-7.8125 28.90625
-7.65625 28.90625
-7.5 28.90625
-7.34375 28.90625
-7.1875 28.90625
-7.03125 28.90625
-6.875 28.90625
-6.71875 28.90625
-6.5625 28.90625
-6.40625 28.90625
-6.25 28.90625
-6.09375 28.90625
-5.9375 28.90625
-5.78125 28.90625
-5.625 28.90625
-5.46875 28.90625
-5.3125 28.90625
-5.15625 28.90625
-5.0 28.90625
-4.84375 28.90625
-4.6875 28.90625
-8.75 28.75
-8.59375 28.75
-8.4375 28.75
-8.28125 28.75
-8.125 28.75
-7.96875 28.75
-7.8125 28.75
-7.65625 28.75
-7.5 28.75
-7.34375 28.75
-7.1875 28.75
-7.03125 28.75
-6.875 28.75
-6.71875 28.75
-6.5625 28.75
-6.40625 28.75
-6.25 28.75
-6.09375 28.75
-5.9375 28.75
-5.78125 28.75
-5.625 28.75
-5.46875 28.75
-5.3125 28.75
-5.15625 28.75
-5.0 28.75
-4.84375 28.75
-4.6875 28.75
-8.75 28.59375
-8.59375 28.59375
-8.4375 28.59375
-8.28125 28.59375
-8.125 28.59375
-7.96875 28.59375
-7.8125 28.59375
-7.65625 28.59375
-7.5 28.59375
-7.34375 28.59375
-7.1875 28.59375
-7.03125 28.59375
-6.875 28.59375
-6.71875 28.59375
-6.5625 28.59375
-6.40625 28.59375
-6.25 28.59375
-6.09375 28.59375
-5.9375 28.59375
-5.78125 28.59375
-5.625 28.59375
-5.46875 28.59375
-5.3125 28.59375
-5.15625 28.59375
-5.0 28.59375
-4.84375 28.59375
-4.6875 28.59375
-8.75 28.4375
-8.59375 28.4375
-8.4375 28.4375
-8.28125 28.4375
-8.125 28.4375
-7.96875 28.4375
-7.8125 28.4375
-7.65625 28.4375
-7.5 28.4375
-7.34375 28.4375
-7.1875 28.4375
-7.03125 28.4375
-6.875 28.4375
-6.71875 28.4375
-6.5625 28.4375
-6.40625 28.4375
-6.25 28.4375
-6.09375 28.4375
-5.9375 28.4375
-5.78125 28.4375
-5.625 28.4375
-5.46875 28.4375
-5.3125 28.4375
-5.15625 28.4375
-5.0 28.4375
-4.84375 28.4375
-4.6875 28.4375
-8.75 28.28125
-8.59375 28.28125
-8.4375 28.28125
-8.28125 28.28125
-8.125 28.28125
-7.96875 28.28125
-7.8125 28.28125
-7.65625 28.28125
-7.5 28.28125
-7.34375 28.28125
-7.1875 28.28125
-7.03125 28.28125
-6.875 28.28125
-6.71875 28.28125
-6.5625 28.28125
-6.40625 28.28125
-6.25 28.28125
-6.09375 28.28125
-5.9375 28.28125
-5.78125 28.28125
-5.625 28.28125
-5.46875 28.28125
-5.3125 28.28125
-5.15625 28.28125
-5.0 28.28125
-4.84375 28.28125
-4.6875 28.28125
-8.75 28.125
-8.59375 28.125
-8.4375 28.125
-8.28125 28.125
-8.125 28.125
-7.96875 28.125
-7.8125 28.125
-7.65625 28.125
-7.5 28.125
-7.34375 28.125
-7.1875 28.125
-7.03125 28.125
-6.875 28.125
-6.71875 28.125
-6.5625 28.125
-6.40625 28.125
-6.25 28.125
-6.09375 28.125
-5.9375 28.125
-5.78125 28.125
-5.625 28.125
-5.46875 28.125
-5.3125 28.125
-5.15625 28.125
-5.0 28.125
-4.84375 28.125
-4.6875 28.125
-8.75 27.96875
-8.59375 27.96875
-8.4375 27.96875
-8.28125 27.96875
-8.125 27.96875
-7.96875 27.96875
-7.8125 27.96875
-7.65625 27.96875
-7.5 27.96875
-7.34375 27.96875
-7.1875 27.96875
-7.03125 27.96875
-6.875 27.96875
-6.71875 27.96875
-6.5625 27.96875
-6.40625 27.96875
-6.25 27.96875
-6.09375 27.96875
-5.9375 27.96875
-5.78125 27.96875
-5.625 27.96875
-5.46875 27.96875
-5.3125 27.96875
-5.15625 27.96875
-5.0 27.96875
-4.84375 27.96875
-4.6875 27.96875
-8.75 27.8125
-8.59375 27.8125
-8.4375 27.8125
-8.28125 27.8125
-8.125 27.8125
-7.96875 27.8125
-7.8125 27.8125
-7.65625 27.8125
-7.5 27.8125
-7.34375 27.8125
-7.1875 27.8125
-7.03125 27.8125
-6.875 27.8125
-6.71875 27.8125
-6.5625 27.8125
-6.40625 27.8125
-6.25 27.8125
-6.09375 27.8125
-5.9375 27.8125
-5.78125 27.8125
-5.625 27.8125
-5.46875 27.8125
-5.3125 27.8125
-5.15625 27.8125
-5.0 27.8125
-4.84375 27.8125
-4.6875 27.8125
-8.75 27.65625
-8.59375 27.65625
-8.4375 27.65625
-8.28125 27.65625
-8.125 27.65625
-7.96875 27.65625
-7.8125 27.65625
-7.65625 27.65625
-7.5 27.65625
-7.34375 27.65625
-7.1875 27.65625
-7.03125 27.65625
-6.875 27.65625
-6.71875 27.65625
-6.5625 27.65625
-6.40625 27.65625
-6.25 27.65625
-6.09375 27.65625
-5.9375 27.65625
-5.78125 27.65625
-5.625 27.65625
-5.46875 27.65625
-5.3125 27.65625
-5.15625 27.65625
-5.0 27.65625
-4.84375 27.65625
-4.6875 27.65625
-8.75 27.5
-8.59375 27.5
-8.4375 27.5
-8.28125 27.5
-8.125 27.5
-7.96875 27.5
-7.8125 27.5
-7.65625 27.5
-7.5 27.5
-7.34375 27.5
-7.1875 27.5
-7.03125 27.5
-6.875 27.5
-6.71875 27.5
-6.5625 27.5
-6.40625 27.5
-6.25 27.5
-6.09375 27.5
-5.9375 27.5
-5.78125 27.5
-5.625 27.5
-5.46875 27.5
-5.3125 27.5
-5.15625 27.5
-5.0 27.5
-4.84375 27.5
-4.6875 27.5
-8.75 27.34375
-8.59375 27.34375
-8.4375 27.34375
-8.28125 27.34375
-8.125 27.34375
-7.96875 27.34375
-7.8125 27.34375
-7.65625 27.34375
-7.5 27.34375
-7.34375 27.34375
-7.1875 27.34375
-7.03125 27.34375
-6.875 27.34375
-6.71875 27.34375
-6.5625 27.34375
-6.40625 27.34375
-6.25 27.34375
-6.09375 27.34375
-5.9375 27.34375
-5.78125 27.34375
-5.625 27.34375
-5.46875 27.34375
-5.3125 27.34375
-5.15625 27.34375
-5.0 27.34375
-4.84375 27.34375
-4.6875 27.34375
-8.75 27.1875
-8.59375 27.1875
-8.4375 27.1875
-8.28125 27.1875
-8.125 27.1875
-7.96875 27.1875
-7.8125 27.1875
-7.65625 27.1875
-7.5 27.1875
-7.34375 27.1875
-7.1875 27.1875
-7.03125 27.1875
-6.875 27.1875
-6.71875 27.1875
-6.5625 27.1875
-6.40625 27.1875
-6.25 27.1875
-6.09375 27.1875
-5.9375 27.1875
-5.78125 27.1875
-5.625 27.1875
-5.46875 27.1875
-5.3125 27.1875
-5.15625 27.1875
-5.0 27.1875
-4.84375 27.1875
-4.6875 27.1875
-8.75 27.03125
-8.59375 27.03125
-8.4375 27.03125
-8.28125 27.03125
-8.125 27.03125
-7.96875 27.03125
-7.8125 27.03125
-7.65625 27.03125
-7.5 27.03125
-7.34375 27.03125
-7.1875 27.03125
-7.03125 27.03125
-6.875 27.03125
-6.71875 27.03125
-6.5625 27.03125
-6.40625 27.03125
-6.25 27.03125
-6.09375 27.03125
-5.9375 27.03125
-5.78125 27.03125
-5.625 27.03125
-5.46875 27.03125
-5.3125 27.03125
-5.15625 27.03125
-5.0 27.03125
-4.84375 27.03125
-4.6875 27.03125
-8.75 26.875
-8.59375 26.875
-8.4375 26.875
-8.28125 26.875
-8.125 26.875
-7.96875 26.875
-7.8125 26.875
-7.65625 26.875
-7.5 26.875
-7.34375 26.875
-7.1875 26.875
-7.03125 26.875
-6.875 26.875
-6.71875 26.875
-6.5625 26.875
-6.40625 26.875
-6.25 26.875
-6.09375 26.875
-5.9375 26.875
-5.78125 26.875
-5.625 26.875
-5.46875 26.875
-5.3125 26.875
-5.15625 26.875
-5.0 26.875
-4.84375 26.875
-4.6875 26.875
-8.75 26.71875
-8.59375 26.71875
-8.4375 26.71875
-8.28125 26.71875
-8.125 26.71875
-7.96875 26.71875
-7.8125 26.71875
-7.65625 26.71875
-7.5 26.71875
-7.34375 26.71875
-7.1875 26.71875
-7.03125 26.71875
-6.875 26.71875
-6.71875 26.71875
-6.5625 26.71875
-6.40625 26.71875
-6.25 26.71875
-6.09375 26.71875
-5.9375 26.71875
-5.78125 26.71875
-5.625 26.71875
-5.46875 26.71875
-5.3125 26.71875
-5.15625 26.71875
-5.0 26.71875
-4.84375 26.71875
-4.6875 26.71875
-8.75 26.5625
-8.59375 26.5625
-8.4375 26.5625
-8.28125 26.5625
-8.125 26.5625
-7.96875 26.5625
-7.8125 26.5625
-7.65625 26.5625
-7.5 26.5625
-7.34375 26.5625
-7.1875 26.5625
-7.03125 26.5625
-6.875 26.5625
-6.71875 26.5625
-6.5625 26.5625
-6.40625 26.5625
-6.25 26.5625
-6.09375 26.5625
-5.9375 26.5625
-5.78125 26.5625
-5.625 26.5625
-5.46875 26.5625
-5.3125 26.5625
-5.15625 26.5625
-5.0 26.5625
-4.84375 26.5625
-4.6875 26.5625
-8.75 26.40625
-8.4375 26.40625
-8.28125 26.40625
-8.125 26.40625
-7.96875 26.40625
-7.8125 26.40625
-7.65625 26.40625
-7.5 26.40625
-7.34375 26.40625
-7.1875 26.40625
-7.03125 26.40625
-6.875 26.40625
-6.71875 26.40625
-6.5625 26.40625
-6.40625 26.40625
-6.25 26.40625
-6.09375 26.40625
-5.9375 26.40625
-5.78125 26.40625
-5.625 26.40625
-5.46875 26.40625
-5.3125 26.40625
-5.15625 26.40625
-5.0 26.40625
-4.84375 26.40625
-4.6875 26.40625
-8.4375 26.25
-8.28125 26.25
-8.125 26.25
-7.96875 26.25
-7.8125 26.25
-7.65625 26.25
-7.5 26.25
-7.34375 26.25
-7.1875 26.25
-7.03125 26.25
-6.875 26.25
-6.71875 26.25
-6.5625 26.25
-6.40625 26.25
-6.25 26.25
-6.09375 26.25
-5.9375 26.25
-5.78125 26.25
-5.625 26.25
-5.46875 26.25
-5.3125 26.25
-5.15625 26.25
-5.0 26.25
-4.84375 26.25
-4.6875 26.25
-8.4375 26.09375
-8.28125 26.09375
-8.125 26.09375
-7.96875 26.09375
-7.8125 26.09375
-7.65625 26.09375
-7.5 26.09375
-7.34375 26.09375
-7.1875 26.09375
-7.03125 26.09375
-6.875 26.09375
-6.71875 26.09375
-6.5625 26.09375
-6.40625 26.09375
-6.25 26.09375
-6.09375 26.09375
-5.9375 26.09375
-5.78125 26.09375
-5.625 26.09375
-5.46875 26.09375
-5.3125 26.09375
-5.15625 26.09375
-5.0 26.09375
-4.84375 26.09375
-4.6875 26.09375
-8.4375 25.9375
-8.28125 25.9375
-8.125 25.9375
-7.96875 25.9375
-7.8125 25.9375
-7.65625 25.9375
-7.5 25.9375
-7.34375 25.9375
-7.1875 25.9375
-7.03125 25.9375
-6.875 25.9375
-6.71875 25.9375
-6.5625 25.9375
-6.40625 25.9375
-6.25 25.9375
-6.09375 25.9375
-5.9375 25.9375
-5.78125 25.9375
-5.625 25.9375
-5.46875 25.9375
-5.3125 25.9375
-5.15625 25.9375
-5.0 25.9375
-4.84375 25.9375
-4.6875 25.9375
-8.4375 25.78125
-8.28125 25.78125
-8.125 25.78125
-7.96875 25.78125
-7.8125 25.78125
-7.65625 25.78125
-7.5 25.78125
-7.34375 25.78125
-7.1875 25.78125
-7.03125 25.78125
-6.875 25.78125
-6.71875 25.78125
-6.5625 25.78125
-6.40625 25.78125
-6.25 25.78125
-6.09375 25.78125
-5.9375 25.78125
-5.78125 25.78125
-5.625 25.78125
-5.46875 25.78125
-5.3125 25.78125
-5.15625 25.78125
-5.0 25.78125
-4.84375 25.78125
-4.6875 25.78125
-8.4375 25.625
-8.28125 25.625
-8.125 25.625
-7.96875 25.625
-7.8125 25.625
-7.65625 25.625
-7.5 25.625
-7.34375 25.625
-7.1875 25.625
-7.03125 25.625
-6.875 25.625
-6.71875 25.625
-6.5625 25.625
-6.40625 25.625
-6.25 25.625
-6.09375 25.625
-5.9375 25.625
-5.78125 25.625
-5.625 25.625
-5.46875 25.625
-5.3125 25.625
-5.15625 25.625
-5.0 25.625
-4.84375 25.625
-4.6875 25.625
-8.4375 25.46875
-8.28125 25.46875
-8.125 25.46875
-7.96875 25.46875
-7.8125 25.46875
-7.65625 25.46875
-7.5 25.46875
-7.34375 25.46875
-7.1875 25.46875
-7.03125 25.46875
-6.875 25.46875
-6.71875 25.46875
-6.5625 25.46875
-6.40625 25.46875
-6.25 25.46875
-6.09375 25.46875
-5.9375 25.46875
-5.78125 25.46875
-5.625 25.46875
-5.46875 25.46875
-5.3125 25.46875
-5.15625 25.46875
-5.0 25.46875
-4.84375 25.46875
-4.6875 25.46875
-8.4375 25.3125
-8.28125 25.3125
-8.125 25.3125
-7.96875 25.3125
-7.8125 25.3125
-7.65625 25.3125
-7.5 25.3125
-7.34375 25.3125
-7.1875 25.3125
-7.03125 25.3125
-6.875 25.3125
-6.71875 25.3125
-6.5625 25.3125
-6.40625 25.3125
-6.25 25.3125
-6.09375 25.3125
-5.9375 25.3125
-5.78125 25.3125
-5.625 25.3125
-5.46875 25.3125
-5.3125 25.3125
-5.15625 25.3125
-5.0 25.3125
-4.84375 25.3125
-4.6875 25.3125
-8.4375 25.15625
-8.28125 25.15625
-8.125 25.15625
-7.96875 25.15625
-7.8125 25.15625
-7.65625 25.15625
-7.5 25.15625
-7.34375 25.15625
-7.1875 25.15625
-7.03125 25.15625
-6.875 25.15625
-6.71875 25.15625
-6.5625 25.15625
-6.40625 25.15625
-6.25 25.15625
-6.09375 25.15625
-5.9375 25.15625
-5.78125 25.15625
-5.625 25.15625
-5.46875 25.15625
-5.3125 25.15625
-5.15625 25.15625
-5.0 25.15625
-4.84375 25.15625
-4.6875 25.15625
-8.4375 25.0
-8.28125 25.0
-8.125 25.0
-7.96875 25.0
-7.8125 25.0
-7.65625 25.0
-7.5 25.0
-7.34375 25.0
-7.1875 25.0
-7.03125 25.0
-6.875 25.0
-6.71875 25.0
-6.5625 25.0
-6.40625 25.0
-6.25 25.0
-6.09375 25.0
-5.9375 25.0
-5.78125 25.0
-5.625 25.0
-5.46875 25.0
-5.3125 25.0
-5.15625 25.0
-5.0 25.0
-4.84375 25.0
-4.6875 25.0
-8.4375 24.84375
-8.28125 24.84375
-8.125 24.84375
-7.96875 24.84375
-7.8125 24.84375
-7.65625 24.84375
-7.5 24.84375
-7.34375 24.84375
-7.1875 24.84375
-7.03125 24.84375
-6.875 24.84375
-6.71875 24.84375
-6.5625 24.84375
-6.40625 24.84375
-6.25 24.84375
-6.09375 24.84375
-5.9375 24.84375
-5.78125 24.84375
-5.625 24.84375
-5.46875 24.84375
-5.3125 24.84375
-5.15625 24.84375
-5.0 24.84375
-4.84375 24.84375
-4.6875 24.84375
-8.4375 24.6875
-8.28125 24.6875
-8.125 24.6875
-7.96875 24.6875
-7.8125 24.6875
-7.65625 24.6875
-7.5 24.6875
-7.34375 24.6875
-7.1875 24.6875
-7.03125 24.6875
-6.875 24.6875
-6.71875 24.6875
-6.5625 24.6875
-6.40625 24.6875
-6.25 24.6875
-6.09375 24.6875
-5.9375 24.6875
-5.78125 24.6875
-5.625 24.6875
-5.46875 24.6875
-5.3125 24.6875
-5.15625 24.6875
-5.0 24.6875
-4.84375 24.6875
-4.6875 24.6875
-8.4375 24.53125
-8.28125 24.53125
-8.125 24.53125
-7.96875 24.53125
-7.8125 24.53125
-7.65625 24.53125
-7.5 24.53125
-7.34375 24.53125
-7.1875 24.53125
-7.03125 24.53125
-6.875 24.53125
-6.71875 24.53125
-6.5625 24.53125
-6.40625 24.53125
-6.25 24.53125
-6.09375 24.53125
-5.9375 24.53125
-5.78125 24.53125
-5.625 24.53125
-5.46875 24.53125
-5.3125 24.53125
-5.15625 24.53125
-5.0 24.53125
-4.84375 24.53125
-4.6875 24.53125
-8.4375 24.375
-8.28125 24.375
-8.125 24.375
-7.96875 24.375
-7.8125 24.375
-7.65625 24.375
-7.5 24.375
-7.34375 24.375
-7.1875 24.375
-7.03125 24.375
-6.875 24.375
-6.71875 24.375
-6.5625 24.375
-6.40625 24.375
-6.25 24.375
-6.09375 24.375
-5.9375 24.375
-5.78125 24.375
-5.625 24.375
-5.46875 24.375
-5.3125 24.375
-5.15625 24.375
-5.0 24.375
-4.84375 24.375
-4.6875 24.375
-8.4375 24.21875
-8.28125 24.21875
-8.125 24.21875
-7.96875 24.21875
-7.8125 24.21875
-7.65625 24.21875
-7.5 24.21875
-7.34375 24.21875
-7.1875 24.21875
-7.03125 24.21875
-6.875 24.21875
-6.71875 24.21875
-6.5625 24.21875
-6.40625 24.21875
-6.25 24.21875
-6.09375 24.21875
-5.9375 24.21875
-5.78125 24.21875
-5.625 24.21875
-5.46875 24.21875
-5.3125 24.21875
-5.15625 24.21875
-5.0 24.21875
-4.84375 24.21875
-4.6875 24.21875
-8.4375 24.0625
-8.28125 24.0625
-8.125 24.0625
-7.96875 24.0625
-7.8125 24.0625
-7.65625 24.0625
-7.5 24.0625
-7.34375 24.0625
-7.1875 24.0625
-7.03125 24.0625
-6.875 24.0625
-6.71875 24.0625
-6.5625 24.0625
-6.40625 24.0625
-6.25 24.0625
-6.09375 24.0625
-5.9375 24.0625
-5.78125 24.0625
-5.625 24.0625
-5.46875 24.0625
-5.3125 24.0625
-5.15625 24.0625
-5.0 24.0625
-4.84375 24.0625
-4.6875 24.0625
-8.4375 23.90625
-8.28125 23.90625
-8.125 23.90625
-7.96875 23.90625
-7.8125 23.90625
-7.65625 23.90625
-7.5 23.90625
-7.34375 23.90625
-7.1875 23.90625
-7.03125 23.90625
-6.875 23.90625
-6.71875 23.90625
-6.5625 23.90625
-6.40625 23.90625
-6.25 23.90625
-6.09375 23.90625
-5.9375 23.90625
-5.78125 23.90625
-5.625 23.90625
-5.46875 23.90625
-5.3125 23.90625
-5.15625 23.90625
-5.0 23.90625
-4.84375 23.90625
-4.6875 23.90625
-8.4375 23.75
-8.28125 23.75
-8.125 23.75
-7.96875 23.75
-7.8125 23.75
-7.65625 23.75
-7.5 23.75
-7.34375 23.75
-7.1875 23.75
-7.03125 23.75
-6.875 23.75
-6.71875 23.75
-6.5625 23.75
-6.40625 23.75
-6.25 23.75
-6.09375 23.75
-5.9375 23.75
-5.78125 23.75
-5.625 23.75
-5.46875 23.75
-5.3125 23.75
-5.15625 23.75
-5.0 23.75
-4.84375 23.75
-4.6875 23.75
-8.4375 23.59375
-8.28125 23.59375
-8.125 23.59375
-7.96875 23.59375
-7.8125 23.59375
-7.65625 23.59375
-7.5 23.59375
-7.34375 23.59375
-7.1875 23.59375
-7.03125 23.59375
-6.875 23.59375
-6.71875 23.59375
-6.5625 23.59375
-6.40625 23.59375
-6.25 23.59375
-6.09375 23.59375
-5.9375 23.59375
-5.78125 23.59375
-5.625 23.59375
-5.46875 23.59375
-5.3125 23.59375
-5.15625 23.59375
-5.0 23.59375
-4.84375 23.59375
-4.6875 23.59375
-8.4375 23.4375
-8.28125 23.4375
-8.125 23.4375
-7.96875 23.4375
-7.8125 23.4375
-7.65625 23.4375
-7.5 23.4375
-7.34375 23.4375
-7.1875 23.4375
-7.03125 23.4375
-6.875 23.4375
-6.71875 23.4375
-6.5625 23.4375
-6.40625 23.4375
-6.25 23.4375
-6.09375 23.4375
-5.9375 23.4375
-5.78125 23.4375
-5.625 23.4375
-5.46875 23.4375
-5.3125 23.4375
-5.15625 23.4375
-5.0 23.4375
-4.84375 23.4375
-4.6875 23.4375
-8.4375 23.28125
-8.28125 23.28125
-8.125 23.28125
-7.96875 23.28125
-7.8125 23.28125
-7.65625 23.28125
-7.5 23.28125
-7.34375 23.28125
-7.1875 23.28125
-7.03125 23.28125
-6.875 23.28125
-6.71875 23.28125
-6.5625 23.28125
-6.40625 23.28125
-6.25 23.28125
-6.09375 23.28125
-5.9375 23.28125
-5.78125 23.28125
-5.625 23.28125
-5.46875 23.28125
-5.3125 23.28125
-5.15625 23.28125
-5.0 23.28125
-4.84375 23.28125
-4.6875 23.28125
-8.4375 23.125
-8.28125 23.125
-8.125 23.125
-7.96875 23.125
-7.8125 23.125
-7.65625 23.125
-7.5 23.125
-7.34375 23.125
-7.1875 23.125
-7.03125 23.125
-6.875 23.125
-6.71875 23.125
-6.5625 23.125
-6.40625 23.125
-6.25 23.125
-6.09375 23.125
-5.9375 23.125
-5.78125 23.125
-5.625 23.125
-5.46875 23.125
-5.3125 23.125
-5.15625 23.125
-5.0 23.125
-4.84375 23.125
-4.6875 23.125
-8.4375 22.96875
-8.28125 22.96875
-8.125 22.96875
-7.96875 22.96875
-7.8125 22.96875
-7.65625 22.96875
-7.5 22.96875
-7.34375 22.96875
-7.1875 22.96875
-7.03125 22.96875
-6.875 22.96875
-6.71875 22.96875
-6.5625 22.96875
-6.40625 22.96875
-6.25 22.96875
-6.09375 22.96875
-5.9375 22.96875
-5.78125 22.96875
-5.625 22.96875
-5.46875 22.96875
-5.3125 22.96875
-5.15625 22.96875
-5.0 22.96875
-4.84375 22.96875
-4.6875 22.96875
-8.4375 22.8125
-8.28125 22.8125
-8.125 22.8125
-7.96875 22.8125
-7.8125 22.8125
-7.65625 22.8125
-7.5 22.8125
-7.34375 22.8125
-7.1875 22.8125
-7.03125 22.8125
-6.875 22.8125
-6.71875 22.8125
-6.5625 22.8125
-6.40625 22.8125
-6.25 22.8125
-6.09375 22.8125
-5.9375 22.8125
-5.78125 22.8125
-5.625 22.8125
-5.46875 22.8125
-5.3125 22.8125
-5.15625 22.8125
-5.0 22.8125
-4.84375 22.8125
-4.6875 22.8125
-8.4375 22.65625
-8.28125 22.65625
-8.125 22.65625
-7.96875 22.65625
-7.8125 22.65625
-7.65625 22.65625
-7.5 22.65625
-7.34375 22.65625
-7.1875 22.65625
-7.03125 22.65625
-6.875 22.65625
-6.71875 22.65625
-6.5625 22.65625
-6.40625 22.65625
-6.25 22.65625
-6.09375 22.65625
-5.9375 22.65625
-5.78125 22.65625
-5.625 22.65625
-5.46875 22.65625
-5.3125 22.65625
-5.15625 22.65625
-5.0 22.65625
-4.84375 22.65625
-4.6875 22.65625
-8.4375 22.5
-8.28125 22.5
-8.125 22.5
-7.96875 22.5
-7.8125 22.5
-7.65625 22.5
-7.5 22.5
-7.34375 22.5
-7.1875 22.5
-7.03125 22.5
-6.875 22.5
-6.71875 22.5
-6.5625 22.5
-6.40625 22.5
-6.25 22.5
-6.09375 22.5
-5.9375 22.5
-5.78125 22.5
-5.625 22.5
-5.46875 22.5
-5.3125 22.5
-5.15625 22.5
-5.0 22.5
-4.84375 22.5
-4.6875 22.5
-8.4375 22.34375
-8.28125 22.34375
-8.125 22.34375
-7.96875 22.34375
-7.8125 22.34375
-7.65625 22.34375
-7.5 22.34375
-7.34375 22.34375
-7.1875 22.34375
-7.03125 22.34375
-6.875 22.34375
-6.71875 22.34375
-6.5625 22.34375
-6.40625 22.34375
-6.25 22.34375
-6.09375 22.34375
-5.9375 22.34375
-5.78125 22.34375
-5.625 22.34375
-5.46875 22.34375
-5.3125 22.34375
-5.15625 22.34375
-5.0 22.34375
-4.84375 22.34375
-4.6875 22.34375
-8.4375 22.1875
-8.28125 22.1875
-8.125 22.1875
-7.96875 22.1875
-7.8125 22.1875
-7.65625 22.1875
-7.5 22.1875
-7.34375 22.1875
-7.1875 22.1875
-7.03125 22.1875
-6.875 22.1875
-6.71875 22.1875
-6.5625 22.1875
-6.40625 22.1875
-6.25 22.1875
-6.09375 22.1875
-5.9375 22.1875
-5.78125 22.1875
-5.625 22.1875
-5.46875 22.1875
-5.3125 22.1875
-5.15625 22.1875
-5.0 22.1875
-4.84375 22.1875
-4.6875 22.1875
-8.4375 22.03125
-8.28125 22.03125
-8.125 22.03125
-7.96875 22.03125
-7.8125 22.03125
-7.65625 22.03125
-7.5 22.03125
-7.34375 22.03125
-7.1875 22.03125
-7.03125 22.03125
-6.875 22.03125
-6.71875 22.03125
-6.5625 22.03125
-6.40625 22.03125
-6.25 22.03125
-6.09375 22.03125
-5.9375 22.03125
-5.78125 22.03125
-5.625 22.03125
-5.46875 22.03125
-5.3125 22.03125
-5.15625 22.03125
-5.0 22.03125
-4.84375 22.03125
-4.6875 22.03125
-8.4375 21.875
-8.28125 21.875
-8.125 21.875
-7.96875 21.875
-7.8125 21.875
-7.65625 21.875
-7.5 21.875
-7.34375 21.875
-7.1875 21.875
-7.03125 21.875
-6.875 21.875
-6.71875 21.875
-6.5625 21.875
-6.40625 21.875
-6.25 21.875
-6.09375 21.875
-5.9375 21.875
-5.78125 21.875
-5.625 21.875
-5.46875 21.875
-5.3125 21.875
-5.15625 21.875
-5.0 21.875
-4.84375 21.875
-4.6875 21.875
-8.4375 21.71875
-8.28125 21.71875
-8.125 21.71875
-7.96875 21.71875
-7.8125 21.71875
-7.65625 21.71875
-7.5 21.71875
-7.34375 21.71875
-7.1875 21.71875
-7.03125 21.71875
-6.875 21.71875
-6.71875 21.71875
-6.5625 21.71875
-6.40625 21.71875
-6.25 21.71875
-6.09375 21.71875
-5.9375 21.71875
-5.78125 21.71875
-5.625 21.71875
-5.46875 21.71875
-5.3125 21.71875
-5.15625 21.71875
-5.0 21.71875
-4.84375 21.71875
-4.6875 21.71875
-8.4375 21.5625
-8.28125 21.5625
-8.125 21.5625
-7.96875 21.5625
-7.8125 21.5625
-7.65625 21.5625
-7.5 21.5625
-7.34375 21.5625
-7.1875 21.5625
-7.03125 21.5625
-6.875 21.5625
-6.71875 21.5625
-6.5625 21.5625
-6.40625 21.5625
-6.25 21.5625
-6.09375 21.5625
-5.9375 21.5625
-5.78125 21.5625
-5.625 21.5625
-5.46875 21.5625
-5.3125 21.5625
-5.15625 21.5625
-5.0 21.5625
-4.84375 21.5625
-4.6875 21.5625
-8.4375 21.40625
-8.28125 21.40625
-8.125 21.40625
-7.96875 21.40625
-7.8125 21.40625
-7.65625 21.40625
-7.5 21.40625
-7.34375 21.40625
-7.1875 21.40625
-7.03125 21.40625
-6.875 21.40625
-6.71875 21.40625
-6.5625 21.40625
-6.40625 21.40625
-6.25 21.40625
-6.09375 21.40625
-5.9375 21.40625
-5.78125 21.40625
-5.625 21.40625
-5.46875 21.40625
-5.3125 21.40625
-5.15625 21.40625
-5.0 21.40625
-4.84375 21.40625
-4.6875 21.40625
-8.4375 21.25
-8.28125 21.25
-8.125 21.25
-7.96875 21.25
-7.8125 21.25
-7.65625 21.25
-7.5 21.25
-7.34375 21.25
-7.1875 21.25
-7.03125 21.25
-6.875 21.25
-6.71875 21.25
-6.5625 21.25
-6.40625 21.25
-6.25 21.25
-6.09375 21.25
-5.9375 21.25
-5.78125 21.25
-5.625 21.25
-5.46875 21.25
-5.3125 21.25
-5.15625 21.25
-5.0 21.25
-4.84375 21.25
-4.6875 21.25
-8.4375 21.09375
-8.28125 21.09375
-8.125 21.09375
-7.96875 21.09375
-7.8125 21.09375
-7.65625 21.09375
-7.5 21.09375
-7.34375 21.09375
-7.1875 21.09375
-7.03125 21.09375
-6.875 21.09375
-6.71875 21.09375
-6.5625 21.09375
-6.40625 21.09375
-6.25 21.09375
-6.09375 21.09375
-5.9375 21.09375
-5.78125 21.09375
-5.625 21.09375
-5.46875 21.09375
-5.3125 21.09375
-5.15625 21.09375
-5.0 21.09375
-4.84375 21.09375
-4.6875 21.09375
-8.4375 20.9375
-8.28125 20.9375
-8.125 20.9375
-7.96875 20.9375
-7.8125 20.9375
-7.65625 20.9375
-7.5 20.9375
-7.34375 20.9375
-7.1875 20.9375
-7.03125 20.9375
-6.875 20.9375
-6.71875 20.9375
-6.5625 20.9375
-6.40625 20.9375
-6.25 20.9375
-6.09375 20.9375
-5.9375 20.9375
-5.78125 20.9375
-5.625 20.9375
-5.46875 20.9375
-5.3125 20.9375
-5.15625 20.9375
-5.0 20.9375
-4.84375 20.9375
-4.6875 20.9375
-8.4375 20.78125
-8.28125 20.78125
-8.125 20.78125
-7.96875 20.78125
-7.8125 20.78125
-7.65625 20.78125
-7.5 20.78125
-7.34375 20.78125
-7.1875 20.78125
-7.03125 20.78125
-6.875 20.78125
-6.71875 20.78125
-6.5625 20.78125
-6.40625 20.78125
-6.25 20.78125
-6.09375 20.78125
-5.9375 20.78125
-5.78125 20.78125
-5.625 20.78125
-5.46875 20.78125
-5.3125 20.78125
-5.15625 20.78125
-5.0 20.78125
-4.84375 20.78125
-4.6875 20.78125
-8.4375 20.625
-8.28125 20.625
-8.125 20.625
-7.96875 20.625
-7.8125 20.625
-7.65625 20.625
-7.5 20.625
-7.34375 20.625
-7.1875 20.625
-7.03125 20.625
-6.875 20.625
-6.71875 20.625
-6.5625 20.625
-6.40625 20.625
-6.25 20.625
-6.09375 20.625
-5.9375 20.625
-5.78125 20.625
-5.625 20.625
-5.46875 20.625
-5.3125 20.625
-5.15625 20.625
-5.0 20.625
-4.84375 20.625
-4.6875 20.625
-8.4375 20.46875
-8.28125 20.46875
-8.125 20.46875
-7.96875 20.46875
-7.8125 20.46875
-7.65625 20.46875
-7.5 20.46875
-7.34375 20.46875
-7.1875 20.46875
-7.03125 20.46875
-6.875 20.46875
-6.71875 20.46875
-6.5625 20.46875
-6.40625 20.46875
-6.25 20.46875
-6.09375 20.46875
-5.9375 20.46875
-5.78125 20.46875
-5.625 20.46875
-5.46875 20.46875
-5.3125 20.46875
-5.15625 20.46875
-5.0 20.46875
-4.84375 20.46875
-4.6875 20.46875
-8.4375 20.3125
-8.28125 20.3125
-8.125 20.3125
-7.96875 20.3125
-7.8125 20.3125
-7.65625 20.3125
-7.5 20.3125
-7.34375 20.3125
-7.1875 20.3125
-7.03125 20.3125
-6.875 20.3125
-6.71875 20.3125
-6.5625 20.3125
-6.40625 20.3125
-6.25 20.3125
-6.09375 20.3125
-5.9375 20.3125
-5.78125 20.3125
-5.625 20.3125
-5.46875 20.3125
-5.3125 20.3125
-5.15625 20.3125
-5.0 20.3125
-4.84375 20.3125
-4.6875 20.3125
-8.4375 20.15625
-8.28125 20.15625
-8.125 20.15625
-7.96875 20.15625
-7.8125 20.15625
-7.65625 20.15625
-7.5 20.15625
-7.34375 20.15625
-7.1875 20.15625
-7.03125 20.15625
-6.875 20.15625
-6.71875 20.15625
-6.5625 20.15625
-6.40625 20.15625
-6.25 20.15625
-6.09375 20.15625
-5.9375 20.15625
-5.78125 20.15625
-5.625 20.15625
-5.46875 20.15625
-5.3125 20.15625
-5.15625 20.15625
-5.0 20.15625
-4.84375 20.15625
-4.6875 20.15625
-8.4375 20.0
-8.28125 20.0
-8.125 20.0
-7.96875 20.0
-7.8125 20.0
-7.65625 20.0
-7.5 20.0
-7.34375 20.0
-7.1875 20.0
-7.03125 20.0
-6.875 20.0
-6.71875 20.0
-6.5625 20.0
-6.40625 20.0
-6.25 20.0
-6.09375 20.0
-5.9375 20.0
-5.78125 20.0
-5.625 20.0
-5.46875 20.0
-5.3125 20.0
-5.15625 20.0
-5.0 20.0
-4.84375 20.0
-4.6875 20.0
-8.4375 19.84375
-8.28125 19.84375
-8.125 19.84375
-7.96875 19.84375
-7.8125 19.84375
-7.65625 19.84375
-7.5 19.84375
-7.34375 19.84375
-7.1875 19.84375
-7.03125 19.84375
-6.875 19.84375
-6.71875 19.84375
-6.5625 19.84375
-6.40625 19.84375
-6.25 19.84375
-6.09375 19.84375
-5.9375 19.84375
-5.78125 19.84375
-5.625 19.84375
-5.46875 19.84375
-5.3125 19.84375
-5.15625 19.84375
-5.0 19.84375
-4.84375 19.84375
-4.6875 19.84375
-8.4375 19.6875
-8.28125 19.6875
-8.125 19.6875
-7.96875 19.6875
-7.8125 19.6875
-7.65625 19.6875
-7.5 19.6875
-7.34375 19.6875
-7.1875 19.6875
-7.03125 19.6875
-6.875 19.6875
-6.71875 19.6875
-6.5625 19.6875
-6.40625 19.6875
-6.25 19.6875
-6.09375 19.6875
-5.9375 19.6875
-5.78125 19.6875
-5.625 19.6875
-5.46875 19.6875
-5.3125 19.6875
-5.15625 19.6875
-5.0 19.6875
-4.84375 19.6875
-4.6875 19.6875
-8.4375 19.53125
-8.28125 19.53125
-8.125 19.53125
-7.96875 19.53125
-7.8125 19.53125
-7.65625 19.53125
-7.5 19.53125
-7.34375 19.53125
-7.1875 19.53125
-7.03125 19.53125
-6.875 19.53125
-6.71875 19.53125
-6.5625 19.53125
-6.40625 19.53125
-6.25 19.53125
-6.09375 19.53125
-5.9375 19.53125
-5.78125 19.53125
-5.625 19.53125
-5.46875 19.53125
-5.3125 19.53125
-5.15625 19.53125
-5.0 19.53125
-4.84375 19.53125
-4.6875 19.53125
-8.4375 19.375
-8.28125 19.375
-8.125 19.375
-7.96875 19.375
-7.8125 19.375
-7.65625 19.375
-7.5 19.375
-7.34375 19.375
-7.1875 19.375
-7.03125 19.375
-6.875 19.375
-6.71875 19.375
-6.5625 19.375
-6.40625 19.375
-6.25 19.375
-6.09375 19.375
-5.9375 19.375
-5.78125 19.375
-5.625 19.375
-5.46875 19.375
-5.3125 19.375
-5.15625 19.375
-5.0 19.375
-4.84375 19.375
-4.6875 19.375
-8.4375 19.21875
-8.28125 19.21875
-8.125 19.21875
-7.96875 19.21875
-7.8125 19.21875
-7.65625 19.21875
-7.5 19.21875
-7.34375 19.21875
-7.1875 19.21875
-7.03125 19.21875
-6.875 19.21875
-6.71875 19.21875
-6.5625 19.21875
-6.40625 19.21875
-6.25 19.21875
-6.09375 19.21875
-5.9375 19.21875
-5.78125 19.21875
-5.625 19.21875
-5.46875 19.21875
-5.3125 19.21875
-5.15625 19.21875
-5.0 19.21875
-4.84375 19.21875
-4.6875 19.21875
-8.4375 19.0625
-8.28125 19.0625
-8.125 19.0625
-7.96875 19.0625
-7.8125 19.0625
-7.65625 19.0625
-7.5 19.0625
-7.34375 19.0625
-7.1875 19.0625
-7.03125 19.0625
-6.875 19.0625
-6.71875 19.0625
-6.5625 19.0625
-6.40625 19.0625
-6.25 19.0625
-6.09375 19.0625
-5.9375 19.0625
-5.78125 19.0625
-5.625 19.0625
-5.46875 19.0625
-5.3125 19.0625
-5.15625 19.0625
-5.0 19.0625
-4.84375 19.0625
-4.6875 19.0625
-8.4375 18.90625
-8.28125 18.90625
-8.125 18.90625
-7.96875 18.90625
-7.8125 18.90625
-7.65625 18.90625
-7.5 18.90625
-7.34375 18.90625
-7.1875 18.90625
-7.03125 18.90625
-6.875 18.90625
-6.71875 18.90625
-6.5625 18.90625
-6.40625 18.90625
-6.25 18.90625
-6.09375 18.90625
-5.9375 18.90625
-5.78125 18.90625
-5.625 18.90625
-5.46875 18.90625
-5.3125 18.90625
-5.15625 18.90625
-5.0 18.90625
-4.84375 18.90625
-4.6875 18.90625
-8.4375 18.75
-8.28125 18.75
-8.125 18.75
-7.96875 18.75
-7.8125 18.75
-7.65625 18.75
-7.5 18.75
-7.34375 18.75
-7.1875 18.75
-7.03125 18.75
-6.875 18.75
-6.71875 18.75
-6.5625 18.75
-6.40625 18.75
-6.25 18.75
-6.09375 18.75
-5.9375 18.75
-5.78125 18.75
-5.625 18.75
-5.46875 18.75
-5.3125 18.75
-5.15625 18.75
-5.0 18.75
-4.84375 18.75
-4.6875 18.75
-8.4375 18.59375
-8.28125 18.59375
-8.125 18.59375
-7.96875 18.59375
-7.8125 18.59375
-7.65625 18.59375
-7.5 18.59375
-7.34375 18.59375
-7.1875 18.59375
-7.03125 18.59375
-6.875 18.59375
-6.71875 18.59375
-6.5625 18.59375
-6.40625 18.59375
-6.25 18.59375
-6.09375 18.59375
-5.9375 18.59375
-5.78125 18.59375
-5.625 18.59375
-5.46875 18.59375
-5.3125 18.59375
-5.15625 18.59375
-5.0 18.59375
-4.84375 18.59375
-4.6875 18.59375
-8.4375 18.4375
-8.28125 18.4375
-8.125 18.4375
-7.96875 18.4375
-7.8125 18.4375
-7.65625 18.4375
-7.5 18.4375
-7.34375 18.4375
-7.1875 18.4375
-7.03125 18.4375
-6.875 18.4375
-6.71875 18.4375
-6.5625 18.4375
-6.40625 18.4375
-6.25 18.4375
-6.09375 18.4375
-5.9375 18.4375
-5.78125 18.4375
-5.625 18.4375
-5.46875 18.4375
-5.3125 18.4375
-5.15625 18.4375
-5.0 18.4375
-4.84375 18.4375
-4.6875 18.4375
-8.4375 18.28125
-8.28125 18.28125
-8.125 18.28125
-7.96875 18.28125
-7.8125 18.28125
-7.65625 18.28125
-7.5 18.28125
-7.34375 18.28125
-7.1875 18.28125
-7.03125 18.28125
-6.875 18.28125
-6.71875 18.28125
-6.5625 18.28125
-6.40625 18.28125
-6.25 18.28125
-6.09375 18.28125
-5.9375 18.28125
-5.78125 18.28125
-5.625 18.28125
-5.46875 18.28125
-5.3125 18.28125
-5.15625 18.28125
-5.0 18.28125
-4.84375 18.28125
-4.6875 18.28125
-8.4375 18.125
-8.28125 18.125
-8.125 18.125
-7.96875 18.125
-7.8125 18.125
-7.65625 18.125
-7.5 18.125
-7.34375 18.125
-7.1875 18.125
-7.03125 18.125
-6.875 18.125
-6.71875 18.125
-6.5625 18.125
-6.40625 18.125
-6.25 18.125
-6.09375 18.125
-5.9375 18.125
-5.78125 18.125
-5.625 18.125
-5.46875 18.125
-5.3125 18.125
-5.15625 18.125
-5.0 18.125
-4.84375 18.125
-4.6875 18.125
-8.4375 17.96875
-8.28125 17.96875
-8.125 17.96875
-7.96875 17.96875
-7.8125 17.96875
-7.65625 17.96875
-7.5 17.96875
-7.34375 17.96875
-7.1875 17.96875
-7.03125 17.96875
-6.875 17.96875
-6.71875 17.96875
-6.5625 17.96875
-6.40625 17.96875
-6.25 17.96875
-6.09375 17.96875
-5.9375 17.96875
-5.78125 17.96875
-5.625 17.96875
-5.46875 17.96875
-5.3125 17.96875
-5.15625 17.96875
-5.0 17.96875
-4.84375 17.96875
-4.6875 17.96875
-8.4375 17.8125
-8.28125 17.8125
-8.125 17.8125
-7.96875 17.8125
-7.8125 17.8125
-7.65625 17.8125
-7.5 17.8125
-7.34375 17.8125
-7.1875 17.8125
-7.03125 17.8125
-6.875 17.8125
-6.71875 17.8125
-6.5625 17.8125
-6.40625 17.8125
-6.25 17.8125
-6.09375 17.8125
-5.9375 17.8125
-5.78125 17.8125
-5.625 17.8125
-5.46875 17.8125
-5.3125 17.8125
-5.15625 17.8125
-5.0 17.8125
-4.84375 17.8125
-4.6875 17.8125
-8.4375 17.65625
-8.28125 17.65625
-8.125 17.65625
-7.96875 17.65625
-7.8125 17.65625
-7.65625 17.65625
-7.5 17.65625
-7.34375 17.65625
-7.1875 17.65625
-7.03125 17.65625
-6.875 17.65625
-6.71875 17.65625
-6.5625 17.65625
-6.40625 17.65625
-6.25 17.65625
-6.09375 17.65625
-5.9375 17.65625
-5.78125 17.65625
-5.625 17.65625
-5.46875 17.65625
-5.3125 17.65625
-5.15625 17.65625
-5.0 17.65625
-4.84375 17.65625
-4.6875 17.65625
-8.4375 17.5
-8.28125 17.5
-8.125 17.5
-7.96875 17.5
-7.8125 17.5
-7.65625 17.5
-7.5 17.5
-7.34375 17.5
-7.1875 17.5
-7.03125 17.5
-6.875 17.5
-6.71875 17.5
-6.5625 17.5
-6.40625 17.5
-6.25 17.5
-6.09375 17.5
-5.9375 17.5
-5.78125 17.5
-5.625 17.5
-5.46875 17.5
-5.3125 17.5
-5.15625 17.5
-5.0 17.5
-4.84375 17.5
-4.6875 17.5
-8.4375 17.34375
-8.28125 17.34375
-8.125 17.34375
-7.96875 17.34375
-7.8125 17.34375
-7.65625 17.34375
-7.5 17.34375
-7.34375 17.34375
-7.1875 17.34375
-7.03125 17.34375
-6.875 17.34375
-6.71875 17.34375
-6.5625 17.34375
-6.40625 17.34375
-6.25 17.34375
-6.09375 17.34375
-5.9375 17.34375
-5.78125 17.34375
-5.625 17.34375
-5.46875 17.34375
-5.3125 17.34375
-5.15625 17.34375
-5.0 17.34375
-4.84375 17.34375
-4.6875 17.34375
-8.4375 17.1875
-8.28125 17.1875
-8.125 17.1875
-7.96875 17.1875
-7.8125 17.1875
-7.65625 17.1875
-7.5 17.1875
-7.34375 17.1875
-7.1875 17.1875
-7.03125 17.1875
-6.875 17.1875
-6.71875 17.1875
-6.5625 17.1875
-6.40625 17.1875
-6.25 17.1875
-6.09375 17.1875
-5.9375 17.1875
-5.78125 17.1875
-5.625 17.1875
-5.46875 17.1875
-5.3125 17.1875
-5.15625 17.1875
-5.0 17.1875
-4.84375 17.1875
-4.6875 17.1875
-8.4375 17.03125
-8.28125 17.03125
-8.125 17.03125
-7.96875 17.03125
-7.8125 17.03125
-7.65625 17.03125
-7.5 17.03125
-7.34375 17.03125
-7.1875 17.03125
-7.03125 17.03125
-6.875 17.03125
-6.71875 17.03125
-6.5625 17.03125
-6.40625 17.03125
-6.25 17.03125
-6.09375 17.03125
-5.9375 17.03125
-5.78125 17.03125
-5.625 17.03125
-5.46875 17.03125
-5.3125 17.03125
-5.15625 17.03125
-5.0 17.03125
-4.84375 17.03125
-4.6875 17.03125
-8.4375 16.875
-8.28125 16.875
-8.125 16.875
-7.96875 16.875
-7.8125 16.875
-7.65625 16.875
-7.5 16.875
-7.34375 16.875
-7.1875 16.875
-7.03125 16.875
-6.875 16.875
-6.71875 16.875
-6.5625 16.875
-6.40625 16.875
-6.25 16.875
-6.09375 16.875
-5.9375 16.875
-5.78125 16.875
-5.625 16.875
-5.46875 16.875
-5.3125 16.875
-5.15625 16.875
-5.0 16.875
-4.84375 16.875
-4.6875 16.875
-8.4375 16.71875
-8.28125 16.71875
-8.125 16.71875
-7.96875 16.71875
-7.8125 16.71875
-7.65625 16.71875
-7.5 16.71875
-7.34375 16.71875
-7.1875 16.71875
-7.03125 16.71875
-6.875 16.71875
-6.71875 16.71875
-6.5625 16.71875
-6.40625 16.71875
-6.25 16.71875
-6.09375 16.71875
-5.9375 16.71875
-5.78125 16.71875
-5.625 16.71875
-5.46875 16.71875
-5.3125 16.71875
-5.15625 16.71875
-5.0 16.71875
-4.84375 16.71875
-4.6875 16.71875
-8.4375 16.5625
-8.28125 16.5625
-8.125 16.5625
-7.96875 16.5625
-7.8125 16.5625
-7.65625 16.5625
-7.5 16.5625
-7.34375 16.5625
-7.1875 16.5625
-7.03125 16.5625
-6.875 16.5625
-6.71875 16.5625
-6.5625 16.5625
-6.40625 16.5625
-6.25 16.5625
-6.09375 16.5625
-5.9375 16.5625
-5.78125 16.5625
-5.625 16.5625
-5.46875 16.5625
-5.3125 16.5625
-5.15625 16.5625
-5.0 16.5625
-4.84375 16.5625
-4.6875 16.5625
-8.4375 16.40625
-8.28125 16.40625
-8.125 16.40625
-7.96875 16.40625
-7.8125 16.40625
-7.65625 16.40625
-7.5 16.40625
-7.34375 16.40625
-7.1875 16.40625
-7.03125 16.40625
-6.875 16.40625
-6.71875 16.40625
-6.5625 16.40625
-6.40625 16.40625
-6.25 16.40625
-6.09375 16.40625
-5.9375 16.40625
-5.78125 16.40625
-5.625 16.40625
-5.46875 16.40625
-5.3125 16.40625
-5.15625 16.40625
-5.0 16.40625
-4.84375 16.40625
-4.6875 16.40625
-8.4375 16.25
-8.28125 16.25
-8.125 16.25
-7.96875 16.25
-7.8125 16.25
-7.65625 16.25
-7.5 16.25
-7.34375 16.25
-7.1875 16.25
-7.03125 16.25
-6.875 16.25
-6.71875 16.25
-6.5625 16.25
-6.40625 16.25
-6.25 16.25
-6.09375 16.25
-5.9375 16.25
-5.78125 16.25
-5.625 16.25
-5.46875 16.25
-5.3125 16.25
-5.15625 16.25
-5.0 16.25
-4.84375 16.25
-4.6875 16.25
-8.4375 16.09375
-8.28125 16.09375
-8.125 16.09375
-7.96875 16.09375
-7.8125 16.09375
-7.65625 16.09375
-7.5 16.09375
-7.34375 16.09375
-7.1875 16.09375
-7.03125 16.09375
-6.875 16.09375
-6.71875 16.09375
-6.5625 16.09375
-6.40625 16.09375
-6.25 16.09375
-6.09375 16.09375
-5.9375 16.09375
-5.78125 16.09375
-5.625 16.09375
-5.46875 16.09375
-5.3125 16.09375
-5.15625 16.09375
-5.0 16.09375
-4.84375 16.09375
-4.6875 16.09375
-8.4375 15.9375
-8.28125 15.9375
-8.125 15.9375
-7.96875 15.9375
-7.8125 15.9375
-7.65625 15.9375
-7.5 15.9375
-7.34375 15.9375
-7.1875 15.9375
-7.03125 15.9375
-6.875 15.9375
-6.71875 15.9375
-6.5625 15.9375
-6.40625 15.9375
-6.25 15.9375
-6.09375 15.9375
-5.9375 15.9375
-5.78125 15.9375
-5.625 15.9375
-5.46875 15.9375
-5.3125 15.9375
-5.15625 15.9375
-5.0 15.9375
-4.84375 15.9375
-4.6875 15.9375
-8.4375 15.78125
-8.28125 15.78125
-8.125 15.78125
-7.96875 15.78125
-7.8125 15.78125
-7.65625 15.78125
-7.5 15.78125
-7.34375 15.78125
-7.1875 15.78125
-7.03125 15.78125
-6.875 15.78125
-6.71875 15.78125
-6.5625 15.78125
-6.40625 15.78125
-6.25 15.78125
-6.09375 15.78125
-5.9375 15.78125
-5.78125 15.78125
-5.625 15.78125
-5.46875 15.78125
-5.3125 15.78125
-5.15625 15.78125
-5.0 15.78125
-4.84375 15.78125
-4.6875 15.78125
-8.4375 15.625
-8.28125 15.625
-8.125 15.625
-7.96875 15.625
-7.8125 15.625
-7.65625 15.625
-7.5 15.625
-7.34375 15.625
-7.1875 15.625
-7.03125 15.625
-6.875 15.625
-6.71875 15.625
-6.5625 15.625
-6.40625 15.625
-6.25 15.625
-6.09375 15.625
-5.9375 15.625
-5.78125 15.625
-5.625 15.625
-5.46875 15.625
-5.3125 15.625
-5.15625 15.625
-5.0 15.625
-4.84375 15.625
-4.6875 15.625
-8.4375 15.46875
-8.28125 15.46875
-8.125 15.46875
-7.96875 15.46875
-7.8125 15.46875
-7.65625 15.46875
-7.5 15.46875
-7.34375 15.46875
-7.1875 15.46875
-7.03125 15.46875
-6.875 15.46875
-6.71875 15.46875
-6.5625 15.46875
-6.40625 15.46875
-6.25 15.46875
-6.09375 15.46875
-5.9375 15.46875
-5.78125 15.46875
-5.625 15.46875
-5.46875 15.46875
-5.3125 15.46875
-5.15625 15.46875
-5.0 15.46875
-4.84375 15.46875
-4.6875 15.46875
-8.4375 15.3125
-8.28125 15.3125
-8.125 15.3125
-7.96875 15.3125
-7.8125 15.3125
-7.65625 15.3125
-7.5 15.3125
-7.34375 15.3125
-7.1875 15.3125
-7.03125 15.3125
-6.875 15.3125
-6.71875 15.3125
-6.5625 15.3125
-6.40625 15.3125
-6.25 15.3125
-6.09375 15.3125
-5.9375 15.3125
-5.78125 15.3125
-5.625 15.3125
-5.46875 15.3125
-5.3125 15.3125
-5.15625 15.3125
-5.0 15.3125
-4.84375 15.3125
-4.6875 15.3125
-8.4375 15.15625
-8.28125 15.15625
-8.125 15.15625
-7.96875 15.15625
-7.8125 15.15625
-7.65625 15.15625
-7.5 15.15625
-7.34375 15.15625
-7.1875 15.15625
-7.03125 15.15625
-6.875 15.15625
-6.71875 15.15625
-6.5625 15.15625
-6.40625 15.15625
-6.25 15.15625
-6.09375 15.15625
-5.9375 15.15625
-5.78125 15.15625
-5.625 15.15625
-5.46875 15.15625
-5.3125 15.15625
-5.15625 15.15625
-5.0 15.15625
-4.84375 15.15625
-4.6875 15.15625
-8.4375 15.0
-8.28125 15.0
-8.125 15.0
-7.96875 15.0
-7.8125 15.0
-7.65625 15.0
-7.5 15.0
-7.34375 15.0
-7.1875 15.0
-7.03125 15.0
-6.875 15.0
-6.71875 15.0
-6.5625 15.0
-6.40625 15.0
-6.25 15.0
-6.09375 15.0
-5.9375 15.0
-5.78125 15.0
-5.625 15.0
-5.46875 15.0
-5.3125 15.0
-5.15625 15.0
-5.0 15.0
-4.84375 15.0
-4.6875 15.0
-8.4375 14.84375
-8.28125 14.84375
-8.125 14.84375
-7.96875 14.84375
-7.8125 14.84375
-7.65625 14.84375
-7.5 14.84375
-7.34375 14.84375
-7.1875 14.84375
-7.03125 14.84375
-6.875 14.84375
-6.71875 14.84375
-6.5625 14.84375
-6.40625 14.84375
-6.25 14.84375
-6.09375 14.84375
-5.9375 14.84375
-5.78125 14.84375
-5.625 14.84375
-5.46875 14.84375
-5.3125 14.84375
-5.15625 14.84375
-5.0 14.84375
-4.84375 14.84375
-4.6875 14.84375
-8.4375 14.6875
-8.28125 14.6875
-8.125 14.6875
-7.96875 14.6875
-7.8125 14.6875
-7.65625 14.6875
-7.5 14.6875
-7.34375 14.6875
-7.1875 14.6875
-7.03125 14.6875
-6.875 14.6875
-6.71875 14.6875
-6.5625 14.6875
-6.40625 14.6875
-6.25 14.6875
-6.09375 14.6875
-5.9375 14.6875
-5.78125 14.6875
-5.625 14.6875
-5.46875 14.6875
-5.3125 14.6875
-5.15625 14.6875
-5.0 14.6875
-4.84375 14.6875
-4.6875 14.6875
-8.4375 14.53125
-8.28125 14.53125
-8.125 14.53125
-7.96875 14.53125
-7.8125 14.53125
-7.65625 14.53125
-7.5 14.53125
-7.34375 14.53125
-7.1875 14.53125
-7.03125 14.53125
-6.875 14.53125
-6.71875 14.53125
-6.5625 14.53125
-6.40625 14.53125
-6.25 14.53125
-6.09375 14.53125
-5.9375 14.53125
-5.78125 14.53125
-5.625 14.53125
-5.46875 14.53125
-5.3125 14.53125
-5.15625 14.53125
-5.0 14.53125
-4.84375 14.53125
-4.6875 14.53125
-8.4375 14.375
-8.28125 14.375
-8.125 14.375
-7.96875 14.375
-7.8125 14.375
-7.65625 14.375
-7.5 14.375
-7.34375 14.375
-7.1875 14.375
-7.03125 14.375
-6.875 14.375
-6.71875 14.375
-6.5625 14.375
-6.40625 14.375
-6.25 14.375
-6.09375 14.375
-5.9375 14.375
-5.78125 14.375
-5.625 14.375
-5.46875 14.375
-5.3125 14.375
-5.15625 14.375
-5.0 14.375
-4.84375 14.375
-4.6875 14.375
-8.4375 14.21875
-8.28125 14.21875
-8.125 14.21875
-7.96875 14.21875
-7.8125 14.21875
-7.65625 14.21875
-7.5 14.21875
-7.34375 14.21875
-7.1875 14.21875
-7.03125 14.21875
-6.875 14.21875
-6.71875 14.21875
-6.5625 14.21875
-6.40625 14.21875
-6.25 14.21875
-6.09375 14.21875
-5.9375 14.21875
-5.78125 14.21875
-5.625 14.21875
-5.46875 14.21875
-5.3125 14.21875
-5.15625 14.21875
-5.0 14.21875
-4.84375 14.21875
-4.6875 14.21875
-8.4375 14.0625
-8.28125 14.0625
-8.125 14.0625
-7.96875 14.0625
-7.8125 14.0625
-7.65625 14.0625
-7.5 14.0625
-7.34375 14.0625
-7.1875 14.0625
-7.03125 14.0625
-6.875 14.0625
-6.71875 14.0625
-6.5625 14.0625
-6.40625 14.0625
-6.25 14.0625
-6.09375 14.0625
-5.9375 14.0625
-5.78125 14.0625
-5.625 14.0625
-5.46875 14.0625
-5.3125 14.0625
-5.15625 14.0625
-5.0 14.0625
-4.84375 14.0625
-4.6875 14.0625
-8.4375 13.90625
-8.28125 13.90625
-8.125 13.90625
-7.96875 13.90625
-7.8125 13.90625
-7.65625 13.90625
-7.5 13.90625
-7.34375 13.90625
-7.1875 13.90625
-7.03125 13.90625
-6.875 13.90625
-6.71875 13.90625
-6.5625 13.90625
-6.40625 13.90625
-6.25 13.90625
-6.09375 13.90625
-5.9375 13.90625
-5.78125 13.90625
-5.625 13.90625
-5.46875 13.90625
-5.3125 13.90625
-5.15625 13.90625
-5.0 13.90625
-4.84375 13.90625
-4.6875 13.90625
-8.4375 13.75
-8.28125 13.75
-8.125 13.75
-7.96875 13.75
-7.8125 13.75
-7.65625 13.75
-7.5 13.75
-7.34375 13.75
-7.1875 13.75
-7.03125 13.75
-6.875 13.75
-6.71875 13.75
-6.5625 13.75
-6.40625 13.75
-6.25 13.75
-6.09375 13.75
-5.9375 13.75
-5.78125 13.75
-5.625 13.75
-5.46875 13.75
-5.3125 13.75
-5.15625 13.75
-5.0 13.75
-4.84375 13.75
-4.6875 13.75
-8.4375 13.59375
-8.28125 13.59375
-8.125 13.59375
-7.96875 13.59375
-7.8125 13.59375
-7.65625 13.59375
-7.5 13.59375
-7.34375 13.59375
-7.1875 13.59375
-7.03125 13.59375
-6.875 13.59375
-6.71875 13.59375
-6.5625 13.59375
-6.40625 13.59375
-6.25 13.59375
-6.09375 13.59375
-5.9375 13.59375
-5.78125 13.59375
-5.625 13.59375
-5.46875 13.59375
-5.3125 13.59375
-5.15625 13.59375
-5.0 13.59375
-4.84375 13.59375
-4.6875 13.59375
-8.4375 13.4375
-8.28125 13.4375
-8.125 13.4375
-7.96875 13.4375
-7.8125 13.4375
-7.65625 13.4375
-7.5 13.4375
-7.34375 13.4375
-7.1875 13.4375
-7.03125 13.4375
-6.875 13.4375
-6.71875 13.4375
-6.5625 13.4375
-6.40625 13.4375
-6.25 13.4375
-6.09375 13.4375
-5.9375 13.4375
-5.78125 13.4375
-5.625 13.4375
-5.46875 13.4375
-5.3125 13.4375
-5.15625 13.4375
-5.0 13.4375
-4.84375 13.4375
-4.6875 13.4375
-8.4375 13.28125
-8.28125 13.28125
-8.125 13.28125
-7.96875 13.28125
-7.8125 13.28125
-7.65625 13.28125
-7.5 13.28125
-7.34375 13.28125
-7.1875 13.28125
-7.03125 13.28125
-6.875 13.28125
-6.71875 13.28125
-6.5625 13.28125
-6.40625 13.28125
-6.25 13.28125
-6.09375 13.28125
-5.9375 13.28125
-5.78125 13.28125
-5.625 13.28125
-5.46875 13.28125
-5.3125 13.28125
-5.15625 13.28125
-5.0 13.28125
-4.84375 13.28125
-4.6875 13.28125
-8.4375 13.125
-8.28125 13.125
-8.125 13.125
-7.96875 13.125
-7.8125 13.125
-7.65625 13.125
-7.5 13.125
-7.34375 13.125
-7.1875 13.125
-7.03125 13.125
-6.875 13.125
-6.71875 13.125
-6.5625 13.125
-6.40625 13.125
-6.25 13.125
-6.09375 13.125
-5.9375 13.125
-5.78125 13.125
-5.625 13.125
-5.46875 13.125
-5.3125 13.125
-5.15625 13.125
-5.0 13.125
-4.84375 13.125
-4.6875 13.125
-8.4375 12.96875
-8.28125 12.96875
-8.125 12.96875
-7.96875 12.96875
-7.8125 12.96875
-7.65625 12.96875
-7.5 12.96875
-7.34375 12.96875
-7.1875 12.96875
-7.03125 12.96875
-6.875 12.96875
-6.71875 12.96875
-6.5625 12.96875
-6.40625 12.96875
-6.25 12.96875
-6.09375 12.96875
-5.9375 12.96875
-5.78125 12.96875
-5.625 12.96875
-5.46875 12.96875
-5.3125 12.96875
-5.15625 12.96875
-5.0 12.96875
-4.84375 12.96875
-4.6875 12.96875
-8.4375 12.8125
-8.28125 12.8125
-8.125 12.8125
-7.96875 12.8125
-7.8125 12.8125
-7.65625 12.8125
-7.5 12.8125
-7.34375 12.8125
-7.1875 12.8125
-7.03125 12.8125
-6.875 12.8125
-6.71875 12.8125
-6.5625 12.8125
-6.40625 12.8125
-6.25 12.8125
-6.09375 12.8125
-5.9375 12.8125
-5.78125 12.8125
-5.625 12.8125
-5.46875 12.8125
-5.3125 12.8125
-5.15625 12.8125
-5.0 12.8125
-4.84375 12.8125
-4.6875 12.8125
-8.4375 12.65625
-8.28125 12.65625
-8.125 12.65625
-7.96875 12.65625
-7.8125 12.65625
-7.65625 12.65625
-7.5 12.65625
-7.34375 12.65625
-7.1875 12.65625
-7.03125 12.65625
-6.875 12.65625
-6.71875 12.65625
-6.5625 12.65625
-6.40625 12.65625
-6.25 12.65625
-6.09375 12.65625
-5.9375 12.65625
-5.78125 12.65625
-5.625 12.65625
-5.46875 12.65625
-5.3125 12.65625
-5.15625 12.65625
-5.0 12.65625
-4.84375 12.65625
-4.6875 12.65625
-8.4375 12.5
-8.28125 12.5
-8.125 12.5
-7.96875 12.5
-7.8125 12.5
-7.65625 12.5
-7.5 12.5
-7.34375 12.5
-7.1875 12.5
-7.03125 12.5
-6.875 12.5
-6.71875 12.5
-6.5625 12.5
-6.40625 12.5
-6.25 12.5
-6.09375 12.5
-5.9375 12.5
-5.78125 12.5
-5.625 12.5
-5.46875 12.5
-5.3125 12.5
-5.15625 12.5
-5.0 12.5
-4.84375 12.5
-4.6875 12.5
-8.4375 12.34375
-8.28125 12.34375
-8.125 12.34375
-7.96875 12.34375
-7.8125 12.34375
-7.65625 12.34375
-7.5 12.34375
-7.34375 12.34375
-7.1875 12.34375
-7.03125 12.34375
-6.875 12.34375
-6.71875 12.34375
-6.5625 12.34375
-6.40625 12.34375
-6.25 12.34375
-6.09375 12.34375
-5.9375 12.34375
-5.78125 12.34375
-5.625 12.34375
-5.46875 12.34375
-5.3125 12.34375
-5.15625 12.34375
-5.0 12.34375
-4.84375 12.34375
-4.6875 12.34375
-8.28125 12.1875
-8.125 12.1875
-7.96875 12.1875
-7.8125 12.1875
-7.65625 12.1875
-7.5 12.1875
-7.34375 12.1875
-7.1875 12.1875
-7.03125 12.1875
-6.875 12.1875
-6.71875 12.1875
-6.5625 12.1875
-6.40625 12.1875
-6.25 12.1875
-6.09375 12.1875
-5.9375 12.1875
-5.78125 12.1875
-5.625 12.1875
-5.46875 12.1875
-5.3125 12.1875
-5.15625 12.1875
-5.0 12.1875
-4.84375 12.1875
-4.6875 12.1875
-8.28125 12.03125
-8.125 12.03125
-7.96875 12.03125
-7.8125 12.03125
-7.65625 12.03125
-7.5 12.03125
-7.34375 12.03125
-7.1875 12.03125
-7.03125 12.03125
-6.875 12.03125
-6.71875 12.03125
-6.5625 12.03125
-6.40625 12.03125
-6.25 12.03125
-6.09375 12.03125
-5.9375 12.03125
-5.78125 12.03125
-5.625 12.03125
-5.46875 12.03125
-5.3125 12.03125
-5.15625 12.03125
-5.0 12.03125
-4.84375 12.03125
-4.6875 12.03125
-8.28125 11.875
-8.125 11.875
-7.96875 11.875
-7.8125 11.875
-7.65625 11.875
-7.5 11.875
-7.34375 11.875
-7.1875 11.875
-7.03125 11.875
-6.875 11.875
-6.71875 11.875
-6.5625 11.875
-6.40625 11.875
-6.25 11.875
-6.09375 11.875
-5.9375 11.875
-5.78125 11.875
-5.625 11.875
-5.46875 11.875
-5.3125 11.875
-5.15625 11.875
-5.0 11.875
-4.84375 11.875
-4.6875 11.875
-8.28125 11.71875
-8.125 11.71875
-7.96875 11.71875
-7.8125 11.71875
-7.65625 11.71875
-7.5 11.71875
-7.34375 11.71875
-7.1875 11.71875
-7.03125 11.71875
-6.875 11.71875
-6.71875 11.71875
-6.5625 11.71875
-6.40625 11.71875
-6.25 11.71875
-6.09375 11.71875
-5.9375 11.71875
-5.78125 11.71875
-5.625 11.71875
-5.46875 11.71875
-5.3125 11.71875
-5.15625 11.71875
-5.0 11.71875
-4.84375 11.71875
-4.6875 11.71875
-8.28125 11.5625
-8.125 11.5625
-7.96875 11.5625
-7.8125 11.5625
-7.65625 11.5625
-7.5 11.5625
-7.34375 11.5625
-7.1875 11.5625
-7.03125 11.5625
-6.875 11.5625
-6.71875 11.5625
-6.5625 11.5625
-6.40625 11.5625
-6.25 11.5625
-6.09375 11.5625
-5.9375 11.5625
-5.78125 11.5625
-5.625 11.5625
-5.46875 11.5625
-5.3125 11.5625
-5.15625 11.5625
-5.0 11.5625
-4.84375 11.5625
-4.6875 11.5625
-8.28125 11.40625
-8.125 11.40625
-7.96875 11.40625
-7.8125 11.40625
-7.65625 11.40625
-7.5 11.40625
-7.34375 11.40625
-7.1875 11.40625
-7.03125 11.40625
-6.875 11.40625
-6.71875 11.40625
-6.5625 11.40625
-6.40625 11.40625
-6.25 11.40625
-6.09375 11.40625
-5.9375 11.40625
-5.78125 11.40625
-5.625 11.40625
-5.46875 11.40625
-5.3125 11.40625
-5.15625 11.40625
-5.0 11.40625
-4.84375 11.40625
-4.6875 11.40625
-8.28125 11.25
-8.125 11.25
-7.96875 11.25
-7.8125 11.25
-7.65625 11.25
-7.5 11.25
-7.34375 11.25
-7.1875 11.25
-7.03125 11.25
-6.875 11.25
-6.71875 11.25
-6.5625 11.25
-6.40625 11.25
-6.25 11.25
-6.09375 11.25
-5.9375 11.25
-5.78125 11.25
-5.625 11.25
-5.46875 11.25
-5.3125 11.25
-5.15625 11.25
-5.0 11.25
-4.84375 11.25
-4.6875 11.25
-8.28125 11.09375
-8.125 11.09375
-7.96875 11.09375
-7.8125 11.09375
-7.65625 11.09375
-7.5 11.09375
-7.34375 11.09375
-7.1875 11.09375
-7.03125 11.09375
-6.875 11.09375
-6.71875 11.09375
-6.5625 11.09375
-6.40625 11.09375
-6.25 11.09375
-6.09375 11.09375
-5.9375 11.09375
-5.78125 11.09375
-5.625 11.09375
-5.46875 11.09375
-5.3125 11.09375
-5.15625 11.09375
-5.0 11.09375
-4.84375 11.09375
-4.6875 11.09375
-8.28125 10.9375
-8.125 10.9375
-7.96875 10.9375
-7.8125 10.9375
-7.65625 10.9375
-7.5 10.9375
-7.34375 10.9375
-7.1875 10.9375
-7.03125 10.9375
-6.875 10.9375
-6.71875 10.9375
-6.5625 10.9375
-6.40625 10.9375
-6.25 10.9375
-6.09375 10.9375
-5.9375 10.9375
-5.78125 10.9375
-5.625 10.9375
-5.46875 10.9375
-5.3125 10.9375
-5.15625 10.9375
-5.0 10.9375
-4.84375 10.9375
-4.6875 10.9375
-8.28125 10.78125
-8.125 10.78125
-7.96875 10.78125
-7.8125 10.78125
-7.65625 10.78125
-7.5 10.78125
-7.34375 10.78125
-7.1875 10.78125
-7.03125 10.78125
-6.875 10.78125
-6.71875 10.78125
-6.5625 10.78125
-6.40625 10.78125
-6.25 10.78125
-6.09375 10.78125
-5.9375 10.78125
-5.78125 10.78125
-5.625 10.78125
-5.46875 10.78125
-5.3125 10.78125
-5.15625 10.78125
-5.0 10.78125
-4.84375 10.78125
-4.6875 10.78125
-8.28125 10.625
-8.125 10.625
-7.96875 10.625
-7.8125 10.625
-7.65625 10.625
-7.5 10.625
-7.34375 10.625
-7.1875 10.625
-7.03125 10.625
-6.875 10.625
-6.71875 10.625
-6.5625 10.625
-6.40625 10.625
-6.25 10.625
-6.09375 10.625
-5.9375 10.625
-5.78125 10.625
-5.625 10.625
-5.46875 10.625
-5.3125 10.625
-5.15625 10.625
-5.0 10.625
-4.84375 10.625
-4.6875 10.625
-8.28125 10.46875
-8.125 10.46875
-7.96875 10.46875
-7.8125 10.46875
-7.65625 10.46875
-7.5 10.46875
-7.34375 10.46875
-7.1875 10.46875
-7.03125 10.46875
-6.875 10.46875
-6.71875 10.46875
-6.5625 10.46875
-6.40625 10.46875
-6.25 10.46875
-6.09375 10.46875
-5.9375 10.46875
-5.78125 10.46875
-5.625 10.46875
-5.46875 10.46875
-5.3125 10.46875
-5.15625 10.46875
-5.0 10.46875
-4.84375 10.46875
-4.6875 10.46875
-8.28125 10.3125
-8.125 10.3125
-7.96875 10.3125
-7.8125 10.3125
-7.65625 10.3125
-7.5 10.3125
-7.34375 10.3125
-7.1875 10.3125
-7.03125 10.3125
-6.875 10.3125
-6.71875 10.3125
-6.5625 10.3125
-6.40625 10.3125
-6.25 10.3125
-6.09375 10.3125
-5.9375 10.3125
-5.78125 10.3125
-5.625 10.3125
-5.46875 10.3125
-5.3125 10.3125
-5.15625 10.3125
-5.0 10.3125
-4.84375 10.3125
-4.6875 10.3125
-8.28125 10.15625
-8.125 10.15625
-7.96875 10.15625
-7.8125 10.15625
-7.65625 10.15625
-7.5 10.15625
-7.34375 10.15625
-7.1875 10.15625
-7.03125 10.15625
-6.875 10.15625
-6.71875 10.15625
-6.5625 10.15625
-6.40625 10.15625
-6.25 10.15625
-6.09375 10.15625
-5.9375 10.15625
-5.78125 10.15625
-5.625 10.15625
-5.46875 10.15625
-5.3125 10.15625
-5.15625 10.15625
-5.0 10.15625
-4.84375 10.15625
-4.6875 10.15625
-8.28125 10.0
-8.125 10.0
-7.96875 10.0
-7.8125 10.0
-7.65625 10.0
-7.5 10.0
-7.34375 10.0
-7.1875 10.0
-7.03125 10.0
-6.875 10.0
-6.71875 10.0
-6.5625 10.0
-6.40625 10.0
-6.25 10.0
-6.09375 10.0
-5.9375 10.0
-5.78125 10.0
-5.625 10.0
-5.46875 10.0
-5.3125 10.0
-5.15625 10.0
-5.0 10.0
-4.84375 10.0
-4.6875 10.0
-8.28125 9.84375
-8.125 9.84375
-7.96875 9.84375
-7.8125 9.84375
-7.65625 9.84375
-7.5 9.84375
-7.34375 9.84375
-7.1875 9.84375
-7.03125 9.84375
-6.875 9.84375
-6.71875 9.84375
-6.5625 9.84375
-6.40625 9.84375
-6.25 9.84375
-6.09375 9.84375
-5.9375 9.84375
-5.78125 9.84375
-5.625 9.84375
-5.46875 9.84375
-5.3125 9.84375
-5.15625 9.84375
-5.0 9.84375
-4.84375 9.84375
-4.6875 9.84375
-8.28125 9.6875
-8.125 9.6875
-7.96875 9.6875
-7.8125 9.6875
-7.65625 9.6875
-7.5 9.6875
-7.34375 9.6875
-7.1875 9.6875
-7.03125 9.6875
-6.875 9.6875
-6.71875 9.6875
-6.5625 9.6875
-6.40625 9.6875
-6.25 9.6875
-6.09375 9.6875
-5.9375 9.6875
-5.78125 9.6875
-5.625 9.6875
-5.46875 9.6875
-5.3125 9.6875
-5.15625 9.6875
-5.0 9.6875
-4.84375 9.6875
-4.6875 9.6875
-8.28125 9.53125
-8.125 9.53125
-7.96875 9.53125
-7.8125 9.53125
-7.65625 9.53125
-7.5 9.53125
-7.34375 9.53125
-7.1875 9.53125
-7.03125 9.53125
-6.875 9.53125
-6.71875 9.53125
-6.5625 9.53125
-6.40625 9.53125
-6.25 9.53125
-6.09375 9.53125
-5.9375 9.53125
-5.78125 9.53125
-5.625 9.53125
-5.46875 9.53125
-5.3125 9.53125
-5.15625 9.53125
-5.0 9.53125
-4.84375 9.53125
-4.6875 9.53125
-8.28125 9.375
-8.125 9.375
-7.96875 9.375
-7.8125 9.375
-7.65625 9.375
-7.5 9.375
-7.34375 9.375
-7.1875 9.375
-7.03125 9.375
-6.875 9.375
-6.71875 9.375
-6.5625 9.375
-6.40625 9.375
-6.25 9.375
-6.09375 9.375
-5.9375 9.375
-5.78125 9.375
-5.625 9.375
-5.46875 9.375
-5.3125 9.375
-5.15625 9.375
-5.0 9.375
-4.84375 9.375
-4.6875 9.375
-8.28125 9.21875
-8.125 9.21875
-7.96875 9.21875
-7.8125 9.21875
-7.65625 9.21875
-7.5 9.21875
-7.34375 9.21875
-7.1875 9.21875
-7.03125 9.21875
-6.875 9.21875
-6.71875 9.21875
-6.5625 9.21875
-6.40625 9.21875
-6.25 9.21875
-6.09375 9.21875
-5.9375 9.21875
-5.78125 9.21875
-5.625 9.21875
-5.46875 9.21875
-5.3125 9.21875
-5.15625 9.21875
-5.0 9.21875
-4.84375 9.21875
-4.6875 9.21875
-8.28125 9.0625
-8.125 9.0625
-7.96875 9.0625
-7.8125 9.0625
-7.65625 9.0625
-7.5 9.0625
-7.34375 9.0625
-7.1875 9.0625
-7.03125 9.0625
-6.875 9.0625
-6.71875 9.0625
-6.5625 9.0625
-6.40625 9.0625
-6.25 9.0625
-6.09375 9.0625
-5.9375 9.0625
-5.78125 9.0625
-5.625 9.0625
-5.46875 9.0625
-5.3125 9.0625
-5.15625 9.0625
-5.0 9.0625
-4.84375 9.0625
-4.6875 9.0625
-8.28125 8.90625
-8.125 8.90625
-7.96875 8.90625
-7.8125 8.90625
-7.65625 8.90625
-7.5 8.90625
-7.34375 8.90625
-7.1875 8.90625
-7.03125 8.90625
-6.875 8.90625
-6.71875 8.90625
-6.5625 8.90625
-6.40625 8.90625
-6.25 8.90625
-6.09375 8.90625
-5.9375 8.90625
-5.78125 8.90625
-5.625 8.90625
-5.46875 8.90625
-5.3125 8.90625
-5.15625 8.90625
-5.0 8.90625
-4.84375 8.90625
-4.6875 8.90625
-8.28125 8.75
-8.125 8.75
-7.96875 8.75
-7.8125 8.75
-7.65625 8.75
-7.5 8.75
-7.34375 8.75
-7.1875 8.75
-7.03125 8.75
-6.875 8.75
-6.71875 8.75
-6.5625 8.75
-6.40625 8.75
-6.25 8.75
-6.09375 8.75
-5.9375 8.75
-5.78125 8.75
-5.625 8.75
-5.46875 8.75
-5.3125 8.75
-5.15625 8.75
-5.0 8.75
-4.84375 8.75
-4.6875 8.75
-8.28125 8.59375
-8.125 8.59375
-7.96875 8.59375
-7.8125 8.59375
-7.65625 8.59375
-7.5 8.59375
-7.34375 8.59375
-7.1875 8.59375
-7.03125 8.59375
-6.875 8.59375
-6.71875 8.59375
-6.5625 8.59375
-6.40625 8.59375
-6.25 8.59375
-6.09375 8.59375
-5.9375 8.59375
-5.78125 8.59375
-5.625 8.59375
-5.46875 8.59375
-5.3125 8.59375
-5.15625 8.59375
-5.0 8.59375
-4.84375 8.59375
-4.6875 8.59375
-8.28125 8.4375
-8.125 8.4375
-7.96875 8.4375
-7.8125 8.4375
-7.65625 8.4375
-7.5 8.4375
-7.34375 8.4375
-7.1875 8.4375
-7.03125 8.4375
-6.875 8.4375
-6.71875 8.4375
-6.5625 8.4375
-6.40625 8.4375
-6.25 8.4375
-6.09375 8.4375
-5.9375 8.4375
-5.78125 8.4375
-5.625 8.4375
-5.46875 8.4375
-5.3125 8.4375
-5.15625 8.4375
-5.0 8.4375
-4.84375 8.4375
-4.6875 8.4375
-8.28125 8.28125
-8.125 8.28125
-7.96875 8.28125
-7.8125 8.28125
-7.65625 8.28125
-7.5 8.28125
-7.34375 8.28125
-7.1875 8.28125
-7.03125 8.28125
-6.875 8.28125
-6.71875 8.28125
-6.5625 8.28125
-6.40625 8.28125
-6.25 8.28125
-6.09375 8.28125
-5.9375 8.28125
-5.78125 8.28125
-5.625 8.28125
-5.46875 8.28125
-5.3125 8.28125
-5.15625 8.28125
-5.0 8.28125
-4.84375 8.28125
-4.6875 8.28125
-8.28125 8.125
-8.125 8.125
-7.96875 8.125
-7.8125 8.125
-7.65625 8.125
-7.5 8.125
-7.34375 8.125
-7.1875 8.125
-7.03125 8.125
-6.875 8.125
-6.71875 8.125
-6.5625 8.125
-6.40625 8.125
-6.25 8.125
-6.09375 8.125
-5.9375 8.125
-5.78125 8.125
-5.625 8.125
-5.46875 8.125
-5.3125 8.125
-5.15625 8.125
-5.0 8.125
-4.84375 8.125
-4.6875 8.125
-8.28125 7.96875
-8.125 7.96875
-7.96875 7.96875
-7.8125 7.96875
-7.65625 7.96875
-7.5 7.96875
-7.34375 7.96875
-7.1875 7.96875
-7.03125 7.96875
-6.875 7.96875
-6.71875 7.96875
-6.5625 7.96875
-6.40625 7.96875
-6.25 7.96875
-6.09375 7.96875
-5.9375 7.96875
-5.78125 7.96875
-5.625 7.96875
-5.46875 7.96875
-5.3125 7.96875
-5.15625 7.96875
-5.0 7.96875
-4.84375 7.96875
-4.6875 7.96875
-8.4375 7.8125
-8.28125 7.8125
-8.125 7.8125
-7.96875 7.8125
-7.8125 7.8125
-7.65625 7.8125
-7.5 7.8125
-7.34375 7.8125
-7.1875 7.8125
-7.03125 7.8125
-6.875 7.8125
-6.71875 7.8125
-6.5625 7.8125
-6.40625 7.8125
-6.25 7.8125
-6.09375 7.8125
-5.9375 7.8125
-5.78125 7.8125
-5.625 7.8125
-5.46875 7.8125
-5.3125 7.8125
-5.15625 7.8125
-5.0 7.8125
-4.84375 7.8125
-4.6875 7.8125
-8.4375 7.65625
-8.28125 7.65625
-8.125 7.65625
-7.96875 7.65625
-7.8125 7.65625
-7.65625 7.65625
-7.5 7.65625
-7.34375 7.65625
-7.1875 7.65625
-7.03125 7.65625
-6.875 7.65625
-6.71875 7.65625
-6.5625 7.65625
-6.40625 7.65625
-6.25 7.65625
-6.09375 7.65625
-5.9375 7.65625
-5.78125 7.65625
-5.625 7.65625
-5.46875 7.65625
-5.3125 7.65625
-5.15625 7.65625
-5.0 7.65625
-4.84375 7.65625
-4.6875 7.65625
-8.4375 7.5
-8.28125 7.5
-8.125 7.5
-7.96875 7.5
-7.8125 7.5
-7.65625 7.5
-7.5 7.5
-7.34375 7.5
-7.1875 7.5
-7.03125 7.5
-6.875 7.5
-6.71875 7.5
-6.5625 7.5
-6.40625 7.5
-6.25 7.5
-6.09375 7.5
-5.9375 7.5
-5.78125 7.5
-5.625 7.5
-5.46875 7.5
-5.3125 7.5
-5.15625 7.5
-5.0 7.5
-4.84375 7.5
-4.6875 7.5
-8.59375 7.34375
-8.4375 7.34375
-8.28125 7.34375
-8.125 7.34375
-7.96875 7.34375
-7.8125 7.34375
-7.65625 7.34375
-7.5 7.34375
-7.34375 7.34375
-7.1875 7.34375
-7.03125 7.34375
-6.875 7.34375
-6.71875 7.34375
-6.5625 7.34375
-6.40625 7.34375
-6.25 7.34375
-6.09375 7.34375
-5.9375 7.34375
-5.78125 7.34375
-5.625 7.34375
-5.46875 7.34375
-5.3125 7.34375
-5.15625 7.34375
-5.0 7.34375
-4.84375 7.34375
-4.6875 7.34375
-8.59375 7.1875
-8.4375 7.1875
-8.28125 7.1875
-8.125 7.1875
-7.96875 7.1875
-7.8125 7.1875
-7.65625 7.1875
-7.5 7.1875
-7.34375 7.1875
-7.1875 7.1875
-7.03125 7.1875
-6.875 7.1875
-6.71875 7.1875
-6.5625 7.1875
-6.40625 7.1875
-6.25 7.1875
-6.09375 7.1875
-5.9375 7.1875
-5.78125 7.1875
-5.625 7.1875
-5.46875 7.1875
-5.3125 7.1875
-5.15625 7.1875
-5.0 7.1875
-4.84375 7.1875
-4.6875 7.1875
-8.59375 7.03125
-8.4375 7.03125
-8.28125 7.03125
-8.125 7.03125
-7.96875 7.03125
-7.8125 7.03125
-7.65625 7.03125
-7.5 7.03125
-7.34375 7.03125
-7.1875 7.03125
-7.03125 7.03125
-6.875 7.03125
-6.71875 7.03125
-6.5625 7.03125
-6.40625 7.03125
-6.25 7.03125
-6.09375 7.03125
-5.9375 7.03125
-5.78125 7.03125
-5.625 7.03125
-5.46875 7.03125
-5.3125 7.03125
-5.15625 7.03125
-5.0 7.03125
-4.84375 7.03125
-4.6875 7.03125
-8.59375 6.875
-8.4375 6.875
-8.28125 6.875
-8.125 6.875
-7.96875 6.875
-7.8125 6.875
-7.65625 6.875
-7.5 6.875
-7.34375 6.875
-7.1875 6.875
-7.03125 6.875
-6.875 6.875
-6.71875 6.875
-6.5625 6.875
-6.40625 6.875
-6.25 6.875
-6.09375 6.875
-5.9375 6.875
-5.78125 6.875
-5.625 6.875
-5.46875 6.875
-5.3125 6.875
-5.15625 6.875
-5.0 6.875
-4.84375 6.875
-4.6875 6.875
-8.59375 6.71875
-8.4375 6.71875
-8.28125 6.71875
-8.125 6.71875
-7.96875 6.71875
-7.8125 6.71875
-7.65625 6.71875
-7.5 6.71875
-7.34375 6.71875
-7.1875 6.71875
-7.03125 6.71875
-6.875 6.71875
-6.71875 6.71875
-6.5625 6.71875
-6.40625 6.71875
-6.25 6.71875
-6.09375 6.71875
-5.9375 6.71875
-5.78125 6.71875
-5.625 6.71875
-5.46875 6.71875
-5.3125 6.71875
-5.15625 6.71875
-5.0 6.71875
-4.84375 6.71875
-4.6875 6.71875
-8.59375 6.5625
-8.4375 6.5625
-8.28125 6.5625
-8.125 6.5625
-7.96875 6.5625
-7.8125 6.5625
-7.65625 6.5625
-7.5 6.5625
-7.34375 6.5625
-7.1875 6.5625
-7.03125 6.5625
-6.875 6.5625
-6.71875 6.5625
-6.5625 6.5625
-6.40625 6.5625
-6.25 6.5625
-6.09375 6.5625
-5.9375 6.5625
-5.78125 6.5625
-5.625 6.5625
-5.46875 6.5625
-5.3125 6.5625
-5.15625 6.5625
-5.0 6.5625
-4.84375 6.5625
-4.6875 6.5625
-8.59375 6.40625
-8.4375 6.40625
-8.28125 6.40625
-8.125 6.40625
-7.96875 6.40625
-7.8125 6.40625
-7.65625 6.40625
-7.5 6.40625
-7.34375 6.40625
-7.1875 6.40625
-7.03125 6.40625
-6.875 6.40625
-6.71875 6.40625
-6.5625 6.40625
-6.40625 6.40625
-6.25 6.40625
-6.09375 6.40625
-5.9375 6.40625
-5.78125 6.40625
-5.625 6.40625
-5.46875 6.40625
-5.3125 6.40625
-5.15625 6.40625
-5.0 6.40625
-4.84375 6.40625
-4.6875 6.40625
-8.59375 6.25
-8.4375 6.25
-8.28125 6.25
-8.125 6.25
-7.96875 6.25
-7.8125 6.25
-7.65625 6.25
-7.5 6.25
-7.34375 6.25
-7.1875 6.25
-7.03125 6.25
-6.875 6.25
-6.71875 6.25
-6.5625 6.25
-6.40625 6.25
-6.25 6.25
-6.09375 6.25
-5.9375 6.25
-5.78125 6.25
-5.625 6.25
-5.46875 6.25
-5.3125 6.25
-5.15625 6.25
-5.0 6.25
-4.84375 6.25
-4.6875 6.25
-8.59375 6.09375
-8.4375 6.09375
-8.28125 6.09375
-8.125 6.09375
-7.96875 6.09375
-7.8125 6.09375
-7.65625 6.09375
-7.5 6.09375
-7.34375 6.09375
-7.1875 6.09375
-7.03125 6.09375
-6.875 6.09375
-6.71875 6.09375
-6.5625 6.09375
-6.40625 6.09375
-6.25 6.09375
-6.09375 6.09375
-5.9375 6.09375
-5.78125 6.09375
-5.625 6.09375
-5.46875 6.09375
-5.3125 6.09375
-5.15625 6.09375
-5.0 6.09375
-4.84375 6.09375
-4.6875 6.09375
-8.59375 5.9375
-8.4375 5.9375
-8.28125 5.9375
-8.125 5.9375
-7.96875 5.9375
-7.8125 5.9375
-7.65625 5.9375
-7.5 5.9375
-7.34375 5.9375
-7.1875 5.9375
-7.03125 5.9375
-6.875 5.9375
-6.71875 5.9375
-6.5625 5.9375
-6.40625 5.9375
-6.25 5.9375
-6.09375 5.9375
-5.9375 5.9375
-5.78125 5.9375
-5.625 5.9375
-5.46875 5.9375
-5.3125 5.9375
-5.15625 5.9375
-5.0 5.9375
-4.84375 5.9375
-4.6875 5.9375
-8.59375 5.78125
-8.4375 5.78125
-8.28125 5.78125
-8.125 5.78125
-7.96875 5.78125
-7.8125 5.78125
-7.65625 5.78125
-7.5 5.78125
-7.34375 5.78125
-7.1875 5.78125
-7.03125 5.78125
-6.875 5.78125
-6.71875 5.78125
-6.5625 5.78125
-6.40625 5.78125
-6.25 5.78125
-6.09375 5.78125
-5.9375 5.78125
-5.78125 5.78125
-5.625 5.78125
-5.46875 5.78125
-5.3125 5.78125
-5.15625 5.78125
-5.0 5.78125
-4.84375 5.78125
-4.6875 5.78125
-8.59375 5.625
-8.4375 5.625
-8.28125 5.625
-8.125 5.625
-7.96875 5.625
-7.8125 5.625
-7.65625 5.625
-7.5 5.625
-7.34375 5.625
-7.1875 5.625
-7.03125 5.625
-6.875 5.625
-6.71875 5.625
-6.5625 5.625
-6.40625 5.625
-6.25 5.625
-6.09375 5.625
-5.9375 5.625
-5.78125 5.625
-5.625 5.625
-5.46875 5.625
-5.3125 5.625
-5.15625 5.625
-5.0 5.625
-4.84375 5.625
-4.6875 5.625
-8.59375 5.46875
-8.4375 5.46875
-8.28125 5.46875
-8.125 5.46875
-7.96875 5.46875
-7.8125 5.46875
-7.65625 5.46875
-7.5 5.46875
-7.34375 5.46875
-7.1875 5.46875
-7.03125 5.46875
-6.875 5.46875
-6.71875 5.46875
-6.5625 5.46875
-6.40625 5.46875
-6.25 5.46875
-6.09375 5.46875
-5.9375 5.46875
-5.78125 5.46875
-5.625 5.46875
-5.46875 5.46875
-5.3125 5.46875
-5.15625 5.46875
-5.0 5.46875
-4.84375 5.46875
-4.6875 5.46875
-8.4375 5.3125
-8.28125 5.3125
-8.125 5.3125
-7.96875 5.3125
-7.8125 5.3125
-7.65625 5.3125
-7.5 5.3125
-7.34375 5.3125
-7.1875 5.3125
-7.03125 5.3125
-6.875 5.3125
-6.71875 5.3125
-6.5625 5.3125
-6.40625 5.3125
-6.25 5.3125
-6.09375 5.3125
-5.9375 5.3125
-5.78125 5.3125
-5.625 5.3125
-5.46875 5.3125
-5.3125 5.3125
-5.15625 5.3125
-5.0 5.3125
-4.84375 5.3125
-4.6875 5.3125
-8.4375 5.15625
-8.28125 5.15625
-8.125 5.15625
-7.96875 5.15625
-7.8125 5.15625
-7.65625 5.15625
-7.5 5.15625
-7.34375 5.15625
-7.1875 5.15625
-7.03125 5.15625
-6.875 5.15625
-6.71875 5.15625
-6.5625 5.15625
-6.40625 5.15625
-6.25 5.15625
-6.09375 5.15625
-5.9375 5.15625
-5.78125 5.15625
-5.625 5.15625
-5.46875 5.15625
-5.3125 5.15625
-5.15625 5.15625
-5.0 5.15625
-4.84375 5.15625
-4.6875 5.15625
-8.4375 5.0
-8.28125 5.0
-8.125 5.0
-7.96875 5.0
-7.8125 5.0
-7.65625 5.0
-7.5 5.0
-7.34375 5.0
-7.1875 5.0
-7.03125 5.0
-6.875 5.0
-6.71875 5.0
-6.5625 5.0
-6.40625 5.0
-6.25 5.0
-6.09375 5.0
-5.9375 5.0
-5.78125 5.0
-5.625 5.0
-5.46875 5.0
-5.3125 5.0
-5.15625 5.0
-5.0 5.0
-4.84375 5.0
-4.6875 5.0
-8.4375 4.84375
-8.28125 4.84375
-8.125 4.84375
-7.96875 4.84375
-7.8125 4.84375
-7.65625 4.84375
-7.5 4.84375
-7.34375 4.84375
-7.1875 4.84375
-7.03125 4.84375
-6.875 4.84375
-6.71875 4.84375
-6.5625 4.84375
-6.40625 4.84375
-6.25 4.84375
-6.09375 4.84375
-5.9375 4.84375
-5.78125 4.84375
-5.625 4.84375
-5.46875 4.84375
-5.3125 4.84375
-5.15625 4.84375
-5.0 4.84375
-4.84375 4.84375
-4.6875 4.84375
-8.4375 4.6875
-8.28125 4.6875
-8.125 4.6875
-7.96875 4.6875
-7.8125 4.6875
-7.65625 4.6875
-7.5 4.6875
-7.34375 4.6875
-7.1875 4.6875
-7.03125 4.6875
-6.875 4.6875
-6.71875 4.6875
-6.5625 4.6875
-6.40625 4.6875
-6.25 4.6875
-6.09375 4.6875
-5.9375 4.6875
-5.78125 4.6875
-5.625 4.6875
-5.46875 4.6875
-5.3125 4.6875
-5.15625 4.6875
-5.0 4.6875
-4.84375 4.6875
-4.6875 4.6875
-8.4375 4.53125
-8.28125 4.53125
-8.125 4.53125
-7.96875 4.53125
-7.8125 4.53125
-7.65625 4.53125
-7.5 4.53125
-7.34375 4.53125
-7.1875 4.53125
-7.03125 4.53125
-6.875 4.53125
-6.71875 4.53125
-6.5625 4.53125
-6.40625 4.53125
-6.25 4.53125
-6.09375 4.53125
-5.9375 4.53125
-5.78125 4.53125
-5.625 4.53125
-5.46875 4.53125
-5.3125 4.53125
-5.15625 4.53125
-5.0 4.53125
-4.84375 4.53125
-4.6875 4.53125
-8.4375 4.375
-8.28125 4.375
-8.125 4.375
-7.96875 4.375
-7.8125 4.375
-7.65625 4.375
-7.5 4.375
-7.34375 4.375
-7.1875 4.375
-7.03125 4.375
-6.875 4.375
-6.71875 4.375
-6.5625 4.375
-6.40625 4.375
-6.25 4.375
-6.09375 4.375
-5.9375 4.375
-5.78125 4.375
-5.625 4.375
-5.46875 4.375
-5.3125 4.375
-5.15625 4.375
-5.0 4.375
-4.84375 4.375
-4.6875 4.375
-8.4375 4.21875
-8.28125 4.21875
-8.125 4.21875
-7.96875 4.21875
-7.8125 4.21875
-7.65625 4.21875
-7.5 4.21875
-7.34375 4.21875
-7.1875 4.21875
-7.03125 4.21875
-6.875 4.21875
-6.71875 4.21875
-6.5625 4.21875
-6.40625 4.21875
-6.25 4.21875
-6.09375 4.21875
-5.9375 4.21875
-5.78125 4.21875
-5.625 4.21875
-5.46875 4.21875
-5.3125 4.21875
-5.15625 4.21875
-5.0 4.21875
-4.84375 4.21875
-4.6875 4.21875
-8.4375 4.0625
-8.28125 4.0625
-8.125 4.0625
-7.96875 4.0625
-7.8125 4.0625
-7.65625 4.0625
-7.5 4.0625
-7.34375 4.0625
-7.1875 4.0625
-7.03125 4.0625
-6.875 4.0625
-6.71875 4.0625
-6.5625 4.0625
-6.40625 4.0625
-6.25 4.0625
-6.09375 4.0625
-5.9375 4.0625
-5.78125 4.0625
-5.625 4.0625
-5.46875 4.0625
-5.3125 4.0625
-5.15625 4.0625
-5.0 4.0625
-4.84375 4.0625
-4.6875 4.0625
-8.28125 3.90625
-8.125 3.90625
-7.96875 3.90625
-7.8125 3.90625
-7.65625 3.90625
-7.5 3.90625
-7.34375 3.90625
-7.1875 3.90625
-7.03125 3.90625
-6.875 3.90625
-6.71875 3.90625
-6.5625 3.90625
-6.40625 3.90625
-6.25 3.90625
-6.09375 3.90625
-5.9375 3.90625
-5.78125 3.90625
-5.625 3.90625
-5.46875 3.90625
-5.3125 3.90625
-5.15625 3.90625
-5.0 3.90625
-4.84375 3.90625
-4.6875 3.90625
-8.28125 3.75
-8.125 3.75
-7.96875 3.75
-7.8125 3.75
-7.65625 3.75
-7.5 3.75
-7.34375 3.75
-7.1875 3.75
-7.03125 3.75
-6.875 3.75
-6.71875 3.75
-6.5625 3.75
-6.40625 3.75
-6.25 3.75
-6.09375 3.75
-5.9375 3.75
-5.78125 3.75
-5.625 3.75
-5.46875 3.75
-5.3125 3.75
-5.15625 3.75
-5.0 3.75
-4.84375 3.75
-4.6875 3.75
-8.28125 3.59375
-8.125 3.59375
-7.96875 3.59375
-7.8125 3.59375
-7.65625 3.59375
-7.5 3.59375
-7.34375 3.59375
-7.1875 3.59375
-7.03125 3.59375
-6.875 3.59375
-6.71875 3.59375
-6.5625 3.59375
-6.40625 3.59375
-6.25 3.59375
-6.09375 3.59375
-5.9375 3.59375
-5.78125 3.59375
-5.625 3.59375
-5.46875 3.59375
-5.3125 3.59375
-5.15625 3.59375
-5.0 3.59375
-4.84375 3.59375
-4.6875 3.59375
-8.28125 3.4375
-8.125 3.4375
-7.96875 3.4375
-7.8125 3.4375
-7.65625 3.4375
-7.5 3.4375
-7.34375 3.4375
-7.1875 3.4375
-7.03125 3.4375
-6.875 3.4375
-6.71875 3.4375
-6.5625 3.4375
-6.40625 3.4375
-6.25 3.4375
-6.09375 3.4375
-5.9375 3.4375
-5.78125 3.4375
-5.625 3.4375
-5.46875 3.4375
-5.3125 3.4375
-5.15625 3.4375
-5.0 3.4375
-4.84375 3.4375
-4.6875 3.4375
-8.28125 3.28125
-8.125 3.28125
-7.96875 3.28125
-7.8125 3.28125
-7.65625 3.28125
-7.5 3.28125
-7.34375 3.28125
-7.1875 3.28125
-7.03125 3.28125
-6.875 3.28125
-6.71875 3.28125
-6.5625 3.28125
-6.40625 3.28125
-6.25 3.28125
-6.09375 3.28125
-5.9375 3.28125
-5.78125 3.28125
-5.625 3.28125
-5.46875 3.28125
-5.3125 3.28125
-5.15625 3.28125
-5.0 3.28125
-4.84375 3.28125
-4.6875 3.28125
-8.28125 3.125
-8.125 3.125
-7.96875 3.125
-7.8125 3.125
-7.65625 3.125
-7.5 3.125
-7.34375 3.125
-7.1875 3.125
-7.03125 3.125
-6.875 3.125
-6.71875 3.125
-6.5625 3.125
-6.40625 3.125
-6.25 3.125
-6.09375 3.125
-5.9375 3.125
-5.78125 3.125
-5.625 3.125
-5.46875 3.125
-5.3125 3.125
-5.15625 3.125
-5.0 3.125
-4.84375 3.125
-4.6875 3.125
-8.28125 2.96875
-8.125 2.96875
-7.96875 2.96875
-7.8125 2.96875
-7.65625 2.96875
-7.5 2.96875
-7.34375 2.96875
-7.1875 2.96875
-7.03125 2.96875
-6.875 2.96875
-6.71875 2.96875
-6.5625 2.96875
-6.40625 2.96875
-6.25 2.96875
-6.09375 2.96875
-5.9375 2.96875
-5.78125 2.96875
-5.625 2.96875
-5.46875 2.96875
-5.3125 2.96875
-5.15625 2.96875
-5.0 2.96875
-4.84375 2.96875
-4.6875 2.96875
-8.28125 2.8125
-8.125 2.8125
-7.96875 2.8125
-7.8125 2.8125
-7.65625 2.8125
-7.5 2.8125
-7.34375 2.8125
-7.1875 2.8125
-7.03125 2.8125
-6.875 2.8125
-6.71875 2.8125
-6.5625 2.8125
-6.40625 2.8125
-6.25 2.8125
-6.09375 2.8125
-5.9375 2.8125
-5.78125 2.8125
-5.625 2.8125
-5.46875 2.8125
-5.3125 2.8125
-5.15625 2.8125
-5.0 2.8125
-4.84375 2.8125
-4.6875 2.8125
-8.28125 2.65625
-8.125 2.65625
-7.96875 2.65625
-7.8125 2.65625
-7.65625 2.65625
-7.5 2.65625
-7.34375 2.65625
-7.1875 2.65625
-7.03125 2.65625
-6.875 2.65625
-6.71875 2.65625
-6.5625 2.65625
-6.40625 2.65625
-6.25 2.65625
-6.09375 2.65625
-5.9375 2.65625
-5.78125 2.65625
-5.625 2.65625
-5.46875 2.65625
-5.3125 2.65625
-5.15625 2.65625
-5.0 2.65625
-4.84375 2.65625
-4.6875 2.65625
-8.28125 2.5
-8.125 2.5
-7.96875 2.5
-7.8125 2.5
-7.65625 2.5
-7.5 2.5
-7.34375 2.5
-7.1875 2.5
-7.03125 2.5
-6.875 2.5
-6.71875 2.5
-6.5625 2.5
-6.40625 2.5
-6.25 2.5
-6.09375 2.5
-5.9375 2.5
-5.78125 2.5
-5.625 2.5
-5.46875 2.5
-5.3125 2.5
-5.15625 2.5
-5.0 2.5
-4.84375 2.5
-4.6875 2.5
-8.28125 2.34375
-8.125 2.34375
-7.96875 2.34375
-7.8125 2.34375
-7.65625 2.34375
-7.5 2.34375
-7.34375 2.34375
-7.1875 2.34375
-7.03125 2.34375
-6.875 2.34375
-6.71875 2.34375
-6.5625 2.34375
-6.40625 2.34375
-6.25 2.34375
-6.09375 2.34375
-5.9375 2.34375
-5.78125 2.34375
-5.625 2.34375
-5.46875 2.34375
-5.3125 2.34375
-5.15625 2.34375
-5.0 2.34375
-4.84375 2.34375
-4.6875 2.34375
-8.28125 2.1875
-8.125 2.1875
-7.96875 2.1875
-7.8125 2.1875
-7.65625 2.1875
-7.5 2.1875
-7.34375 2.1875
-7.1875 2.1875
-7.03125 2.1875
-6.875 2.1875
-6.71875 2.1875
-6.5625 2.1875
-6.40625 2.1875
-6.25 2.1875
-6.09375 2.1875
-5.9375 2.1875
-5.78125 2.1875
-5.625 2.1875
-5.46875 2.1875
-5.3125 2.1875
-5.15625 2.1875
-5.0 2.1875
-4.84375 2.1875
-4.6875 2.1875
-8.28125 2.03125
-8.125 2.03125
-7.96875 2.03125
-7.8125 2.03125
-7.65625 2.03125
-7.5 2.03125
-7.34375 2.03125
-7.1875 2.03125
-7.03125 2.03125
-6.875 2.03125
-6.71875 2.03125
-6.5625 2.03125
-6.40625 2.03125
-6.25 2.03125
-6.09375 2.03125
-5.9375 2.03125
-5.78125 2.03125
-5.625 2.03125
-5.46875 2.03125
-5.3125 2.03125
-5.15625 2.03125
-5.0 2.03125
-4.84375 2.03125
-4.6875 2.03125
-8.28125 1.875
-8.125 1.875
-7.96875 1.875
-7.8125 1.875
-7.65625 1.875
-7.5 1.875
-7.34375 1.875
-7.1875 1.875
-7.03125 1.875
-6.875 1.875
-6.71875 1.875
-6.5625 1.875
-6.40625 1.875
-6.25 1.875
-6.09375 1.875
-5.9375 1.875
-5.78125 1.875
-5.625 1.875
-5.46875 1.875
-5.3125 1.875
-5.15625 1.875
-5.0 1.875
-4.84375 1.875
-4.6875 1.875
-8.28125 1.71875
-8.125 1.71875
-7.96875 1.71875
-7.8125 1.71875
-7.65625 1.71875
-7.5 1.71875
-7.34375 1.71875
-7.1875 1.71875
-7.03125 1.71875
-6.875 1.71875
-6.71875 1.71875
-6.5625 1.71875
-6.40625 1.71875
-6.25 1.71875
-6.09375 1.71875
-5.9375 1.71875
-5.78125 1.71875
-5.625 1.71875
-5.46875 1.71875
-5.3125 1.71875
-5.15625 1.71875
-5.0 1.71875
-4.84375 1.71875
-4.6875 1.71875
-8.28125 1.5625
-8.125 1.5625
-7.96875 1.5625
-7.8125 1.5625
-7.65625 1.5625
-7.5 1.5625
-7.34375 1.5625
-7.1875 1.5625
-7.03125 1.5625
-6.875 1.5625
-6.71875 1.5625
-6.5625 1.5625
-6.40625 1.5625
-6.25 1.5625
-6.09375 1.5625
-5.9375 1.5625
-5.78125 1.5625
-5.625 1.5625
-5.46875 1.5625
-5.3125 1.5625
-5.15625 1.5625
-5.0 1.5625
-4.84375 1.5625
-4.6875 1.5625
-8.28125 1.40625
-8.125 1.40625
-7.96875 1.40625
-7.8125 1.40625
-7.65625 1.40625
-7.5 1.40625
-7.34375 1.40625
-7.1875 1.40625
-7.03125 1.40625
-6.875 1.40625
-6.71875 1.40625
-6.5625 1.40625
-6.40625 1.40625
-6.25 1.40625
-6.09375 1.40625
-5.9375 1.40625
-5.78125 1.40625
-5.625 1.40625
-5.46875 1.40625
-5.3125 1.40625
-5.15625 1.40625
-5.0 1.40625
-4.84375 1.40625
-4.6875 1.40625
-8.28125 1.25
-8.125 1.25
-7.96875 1.25
-7.8125 1.25
-7.65625 1.25
-7.5 1.25
-7.34375 1.25
-7.1875 1.25
-7.03125 1.25
-6.875 1.25
-6.71875 1.25
-6.5625 1.25
-6.40625 1.25
-6.25 1.25
-6.09375 1.25
-5.9375 1.25
-5.78125 1.25
-5.625 1.25
-5.46875 1.25
-5.3125 1.25
-5.15625 1.25
-5.0 1.25
-4.84375 1.25
-4.6875 1.25
-8.28125 1.09375
-8.125 1.09375
-7.96875 1.09375
-7.8125 1.09375
-7.65625 1.09375
-7.5 1.09375
-7.34375 1.09375
-7.1875 1.09375
-7.03125 1.09375
-6.875 1.09375
-6.71875 1.09375
-6.5625 1.09375
-6.40625 1.09375
-6.25 1.09375
-6.09375 1.09375
-5.9375 1.09375
-5.78125 1.09375
-5.625 1.09375
-5.46875 1.09375
-5.3125 1.09375
-5.15625 1.09375
-5.0 1.09375
-4.84375 1.09375
-4.6875 1.09375
-8.28125 0.9375
-8.125 0.9375
-7.96875 0.9375
-7.8125 0.9375
-7.65625 0.9375
-7.5 0.9375
-7.34375 0.9375
-7.1875 0.9375
-7.03125 0.9375
-6.875 0.9375
-6.71875 0.9375
-6.5625 0.9375
-6.40625 0.9375
-6.25 0.9375
-6.09375 0.9375
-5.9375 0.9375
-5.78125 0.9375
-5.625 0.9375
-5.46875 0.9375
-5.3125 0.9375
-5.15625 0.9375
-5.0 0.9375
-4.84375 0.9375
-4.6875 0.9375
-8.28125 0.78125
-8.125 0.78125
-7.96875 0.78125
-7.8125 0.78125
-7.65625 0.78125
-7.5 0.78125
-7.34375 0.78125
-7.1875 0.78125
-7.03125 0.78125
-6.875 0.78125
-6.71875 0.78125
-6.5625 0.78125
-6.40625 0.78125
-6.25 0.78125
-6.09375 0.78125
-5.9375 0.78125
-5.78125 0.78125
-5.625 0.78125
-5.46875 0.78125
-5.3125 0.78125
-5.15625 0.78125
-5.0 0.78125
-4.84375 0.78125
-4.6875 0.78125
-8.28125 0.625
-8.125 0.625
-7.96875 0.625
-7.8125 0.625
-7.65625 0.625
-7.5 0.625
-7.34375 0.625
-7.1875 0.625
-7.03125 0.625
-6.875 0.625
-6.71875 0.625
-6.5625 0.625
-6.40625 0.625
-6.25 0.625
-6.09375 0.625
-5.9375 0.625
-5.78125 0.625
-5.625 0.625
-5.46875 0.625
-5.3125 0.625
-5.15625 0.625
-5.0 0.625
-4.84375 0.625
-4.6875 0.625
-8.28125 0.46875
-8.125 0.46875
-7.96875 0.46875
-7.8125 0.46875
-7.65625 0.46875
-7.5 0.46875
-7.34375 0.46875
-7.1875 0.46875
-7.03125 0.46875
-6.875 0.46875
-6.71875 0.46875
-6.5625 0.46875
-6.40625 0.46875
-6.25 0.46875
-6.09375 0.46875
-5.9375 0.46875
-5.78125 0.46875
-5.625 0.46875
-5.46875 0.46875
-5.3125 0.46875
-5.15625 0.46875
-5.0 0.46875
-4.84375 0.46875
-4.6875 0.46875
-8.28125 0.3125
-8.125 0.3125
-7.96875 0.3125
-7.8125 0.3125
-7.65625 0.3125
-7.5 0.3125
-7.34375 0.3125
-7.1875 0.3125
-7.03125 0.3125
-6.875 0.3125
-6.71875 0.3125
-6.5625 0.3125
-6.40625 0.3125
-6.25 0.3125
-6.09375 0.3125
-5.9375 0.3125
-5.78125 0.3125
-5.625 0.3125
-5.46875 0.3125
-5.3125 0.3125
-5.15625 0.3125
-5.0 0.3125
-4.84375 0.3125
-4.6875 0.3125
-8.28125 0.15625
-8.125 0.15625
-7.96875 0.15625
-7.8125 0.15625
-7.65625 0.15625
-7.5 0.15625
-7.34375 0.15625
-7.1875 0.15625
-7.03125 0.15625
-6.875 0.15625
-6.71875 0.15625
-6.5625 0.15625
-6.40625 0.15625
-6.25 0.15625
-6.09375 0.15625
-5.9375 0.15625
-5.78125 0.15625
-5.625 0.15625
-5.46875 0.15625
-5.3125 0.15625
-5.15625 0.15625
-5.0 0.15625
-4.84375 0.15625
-4.6875 0.15625
-8.28125 0.0
-8.125 0.0
-7.96875 0.0
-7.8125 0.0
-7.65625 0.0
-7.5 0.0
-7.34375 0.0
-7.1875 0.0
-7.03125 0.0
-6.875 0.0
-6.71875 0.0
-6.5625 0.0
-6.40625 0.0
-6.25 0.0
-6.09375 0.0
-5.9375 0.0
-5.78125 0.0
-5.625 0.0
-5.46875 0.0
-5.3125 0.0
-5.15625 0.0
-5.0 0.0
-4.84375 0.0
-4.6875 0.0
