1.875 27.5
2.03125 27.5
1.875 27.34375
2.03125 27.34375
2.1875 27.34375
2.34375 27.34375
1.875 27.1875
2.03125 27.1875
2.1875 27.1875
2.34375 27.1875
1.875 27.03125
2.03125 27.03125
2.1875 27.03125
2.34375 27.03125
1.875 26.875
2.03125 26.875
2.1875 26.875
2.34375 26.875
2.5 26.875
1.875 26.71875
2.03125 26.71875
2.1875 26.71875
2.34375 26.71875
2.5 26.71875
1.875 26.5625
2.03125 26.5625
2.1875 26.5625
2.34375 26.5625
2.5 26.5625
1.875 26.40625
2.03125 26.40625
2.1875 26.40625
2.34375 26.40625
2.5 26.40625
1.875 26.25
2.03125 26.25
2.1875 26.25
2.34375 26.25
2.5 26.25
1.875 26.09375
2.03125 26.09375
2.1875 26.09375
2.34375 26.09375
2.5 26.09375
1.875 25.9375
2.03125 25.9375
2.1875 25.9375
2.34375 25.9375
2.5 25.9375
1.875 25.78125
2.03125 25.78125
2.1875 25.78125
2.34375 25.78125
2.5 25.78125
1.875 25.625
2.03125 25.625
2.1875 25.625
2.34375 25.625
2.5 25.625
1.875 25.46875
2.03125 25.46875
2.1875 25.46875
2.34375 25.46875
2.5 25.46875
1.875 25.3125
2.03125 25.3125
2.1875 25.3125
2.34375 25.3125
2.5 25.3125
2.65625 25.3125
2.8125 25.3125
2.96875 25.3125
3.125 25.3125
1.875 25.15625
2.03125 25.15625
2.1875 25.15625
2.34375 25.15625
2.5 25.15625
2.65625 25.15625
2.8125 25.15625
2.96875 25.15625
3.125 25.15625
1.875 25.0
2.03125 25.0
2.1875 25.0
2.34375 25.0
2.5 25.0
2.65625 25.0
2.8125 25.0
2.96875 25.0
3.125 25.0
1.875 24.84375
2.03125 24.84375
2.1875 24.84375
2.34375 24.84375
2.5 24.84375
2.65625 24.84375
2.8125 24.84375
2.96875 24.84375
3.125 24.84375
1.875 24.6875
2.03125 24.6875
2.1875 24.6875
2.34375 24.6875
2.5 24.6875
2.65625 24.6875
2.8125 24.6875
2.96875 24.6875
3.125 24.6875
1.875 24.53125
2.03125 24.53125
2.1875 24.53125
2.34375 24.53125
2.5 24.53125
2.65625 24.53125
2.8125 24.53125
2.96875 24.53125
3.125 24.53125
1.875 24.375
2.03125 24.375
2.1875 24.375
2.34375 24.375
2.5 24.375
2.65625 24.375
2.8125 24.375
2.96875 24.375
3.125 24.375
1.875 24.21875
2.03125 24.21875
2.1875 24.21875
2.34375 24.21875
2.5 24.21875
2.65625 24.21875
2.8125 24.21875
2.96875 24.21875
3.125 24.21875
1.875 24.0625
2.03125 24.0625
2.1875 24.0625
2.34375 24.0625
2.5 24.0625
2.65625 24.0625
2.8125 24.0625
2.96875 24.0625
3.125 24.0625
1.875 23.90625
2.03125 23.90625
2.1875 23.90625
2.34375 23.90625
2.5 23.90625
2.65625 23.90625
2.8125 23.90625
2.96875 23.90625
3.125 23.90625
1.875 23.75
2.03125 23.75
2.1875 23.75
2.34375 23.75
2.5 23.75
2.65625 23.75
2.8125 23.75
2.96875 23.75
3.125 23.75
1.875 23.59375
2.03125 23.59375
2.1875 23.59375
2.34375 23.59375
2.5 23.59375
2.65625 23.59375
2.8125 23.59375
2.96875 23.59375
3.125 23.59375
1.875 23.4375
2.03125 23.4375
2.1875 23.4375
2.34375 23.4375
2.5 23.4375
2.65625 23.4375
2.8125 23.4375
2.96875 23.4375
3.125 23.4375
1.875 23.28125
2.03125 23.28125
2.1875 23.28125
2.34375 23.28125
2.5 23.28125
2.65625 23.28125
2.8125 23.28125
2.96875 23.28125
3.125 23.28125
1.875 23.125
2.03125 23.125
2.1875 23.125
2.34375 23.125
2.5 23.125
2.65625 23.125
2.8125 23.125
2.96875 23.125
3.125 23.125
1.875 22.96875
2.03125 22.96875
2.1875 22.96875
2.34375 22.96875
2.5 22.96875
2.65625 22.96875
2.8125 22.96875
2.96875 22.96875
3.125 22.96875
1.875 22.8125
2.03125 22.8125
2.1875 22.8125
2.34375 22.8125
2.5 22.8125
2.65625 22.8125
2.8125 22.8125
2.96875 22.8125
3.125 22.8125
1.875 22.65625
2.03125 22.65625
2.1875 22.65625
2.34375 22.65625
2.5 22.65625
2.65625 22.65625
2.8125 22.65625
2.96875 22.65625
3.125 22.65625
1.875 22.5
2.03125 22.5
2.1875 22.5
2.34375 22.5
2.5 22.5
2.65625 22.5
2.8125 22.5
2.96875 22.5
3.125 22.5
1.875 22.34375
2.03125 22.34375
2.1875 22.34375
2.34375 22.34375
2.5 22.34375
2.65625 22.34375
2.8125 22.34375
2.96875 22.34375
3.125 22.34375
1.875 22.1875
2.03125 22.1875
2.1875 22.1875
2.34375 22.1875
2.5 22.1875
2.65625 22.1875
2.8125 22.1875
2.96875 22.1875
3.125 22.1875
1.875 22.03125
2.03125 22.03125
2.1875 22.03125
2.34375 22.03125
2.5 22.03125
2.65625 22.03125
2.8125 22.03125
2.96875 22.03125
3.125 22.03125
1.875 21.875
2.03125 21.875
2.1875 21.875
2.34375 21.875
2.5 21.875
2.65625 21.875
2.8125 21.875
2.96875 21.875
3.125 21.875
1.875 21.71875
2.03125 21.71875
2.1875 21.71875
2.34375 21.71875
2.5 21.71875
2.65625 21.71875
2.8125 21.71875
2.96875 21.71875
3.125 21.71875
1.875 21.5625
2.03125 21.5625
2.1875 21.5625
2.34375 21.5625
2.5 21.5625
2.65625 21.5625
2.8125 21.5625
2.96875 21.5625
3.125 21.5625
1.875 21.40625
2.03125 21.40625
2.1875 21.40625
2.34375 21.40625
2.5 21.40625
2.65625 21.40625
2.8125 21.40625
2.96875 21.40625
3.125 21.40625
1.875 21.25
2.03125 21.25
2.1875 21.25
2.34375 21.25
2.5 21.25
2.65625 21.25
2.8125 21.25
2.96875 21.25
3.125 21.25
1.875 21.09375
2.03125 21.09375
2.1875 21.09375
2.34375 21.09375
2.5 21.09375
2.65625 21.09375
2.8125 21.09375
2.96875 21.09375
3.125 21.09375
1.875 20.9375
2.03125 20.9375
2.1875 20.9375
2.34375 20.9375
2.5 20.9375
2.65625 20.9375
2.8125 20.9375
2.96875 20.9375
3.125 20.9375
1.875 20.78125
2.03125 20.78125
2.1875 20.78125
2.34375 20.78125
2.5 20.78125
2.65625 20.78125
2.8125 20.78125
2.96875 20.78125
3.125 20.78125
1.875 20.625
2.03125 20.625
2.1875 20.625
2.34375 20.625
2.5 20.625
2.65625 20.625
2.8125 20.625
2.96875 20.625
3.125 20.625
1.875 20.46875
2.03125 20.46875
2.1875 20.46875
2.34375 20.46875
2.5 20.46875
2.65625 20.46875
2.8125 20.46875
2.96875 20.46875
3.125 20.46875
1.875 20.3125
2.03125 20.3125
2.1875 20.3125
2.34375 20.3125
2.5 20.3125
2.65625 20.3125
2.8125 20.3125
2.96875 20.3125
3.125 20.3125
1.875 20.15625
2.03125 20.15625
2.1875 20.15625
2.34375 20.15625
2.5 20.15625
2.65625 20.15625
2.8125 20.15625
2.96875 20.15625
3.125 20.15625
1.875 20.0
2.03125 20.0
2.1875 20.0
2.34375 20.0
2.5 20.0
2.65625 20.0
2.8125 20.0
2.96875 20.0
3.125 20.0
1.875 19.84375
2.03125 19.84375
2.1875 19.84375
2.34375 19.84375
2.5 19.84375
2.65625 19.84375
2.8125 19.84375
2.96875 19.84375
3.125 19.84375
1.875 19.6875
2.03125 19.6875
2.1875 19.6875
2.34375 19.6875
2.5 19.6875
2.65625 19.6875
2.8125 19.6875
2.96875 19.6875
3.125 19.6875
1.875 19.53125
2.03125 19.53125
2.1875 19.53125
2.34375 19.53125
2.5 19.53125
2.65625 19.53125
2.8125 19.53125
2.96875 19.53125
3.125 19.53125
1.875 19.375
2.03125 19.375
2.1875 19.375
2.34375 19.375
2.5 19.375
2.65625 19.375
2.8125 19.375
2.96875 19.375
3.125 19.375
1.875 19.21875
2.03125 19.21875
2.1875 19.21875
2.34375 19.21875
2.5 19.21875
2.65625 19.21875
2.8125 19.21875
2.96875 19.21875
3.125 19.21875
1.875 19.0625
2.03125 19.0625
2.1875 19.0625
2.34375 19.0625
2.5 19.0625
2.65625 19.0625
2.8125 19.0625
2.96875 19.0625
3.125 19.0625
1.875 18.90625
2.03125 18.90625
2.1875 18.90625
2.34375 18.90625
2.5 18.90625
2.65625 18.90625
2.8125 18.90625
2.96875 18.90625
3.125 18.90625
1.875 18.75
2.03125 18.75
2.1875 18.75
2.34375 18.75
2.5 18.75
2.65625 18.75
2.8125 18.75
2.96875 18.75
3.125 18.75
1.875 18.59375
2.03125 18.59375
2.1875 18.59375
2.34375 18.59375
2.5 18.59375
2.65625 18.59375
2.8125 18.59375
2.96875 18.59375
3.125 18.59375
1.875 18.4375
2.03125 18.4375
2.1875 18.4375
2.34375 18.4375
2.5 18.4375
2.65625 18.4375
2.8125 18.4375
2.96875 18.4375
3.125 18.4375
1.875 18.28125
2.03125 18.28125
2.1875 18.28125
2.34375 18.28125
2.5 18.28125
2.65625 18.28125
2.8125 18.28125
2.96875 18.28125
3.125 18.28125
1.875 18.125
2.03125 18.125
2.1875 18.125
2.34375 18.125
2.5 18.125
2.65625 18.125
2.8125 18.125
2.96875 18.125
3.125 18.125
1.875 17.96875
2.03125 17.96875
2.1875 17.96875
2.34375 17.96875
2.5 17.96875
2.65625 17.96875
2.8125 17.96875
2.96875 17.96875
3.125 17.96875
1.875 17.8125
2.03125 17.8125
2.1875 17.8125
2.34375 17.8125
2.5 17.8125
2.65625 17.8125
2.8125 17.8125
2.96875 17.8125
3.125 17.8125
1.875 17.65625
2.03125 17.65625
2.1875 17.65625
2.34375 17.65625
2.5 17.65625
2.65625 17.65625
2.8125 17.65625
2.96875 17.65625
3.125 17.65625
1.875 17.5
2.03125 17.5
2.1875 17.5
2.34375 17.5
2.5 17.5
2.65625 17.5
2.8125 17.5
2.96875 17.5
3.125 17.5
1.875 17.34375
2.03125 17.34375
2.1875 17.34375
2.34375 17.34375
2.5 17.34375
2.65625 17.34375
2.8125 17.34375
2.96875 17.34375
3.125 17.34375
1.875 17.1875
2.03125 17.1875
2.1875 17.1875
2.34375 17.1875
2.5 17.1875
2.65625 17.1875
2.8125 17.1875
2.96875 17.1875
3.125 17.1875
1.875 17.03125
2.03125 17.03125
2.1875 17.03125
2.34375 17.03125
2.5 17.03125
2.65625 17.03125
2.8125 17.03125
2.96875 17.03125
3.125 17.03125
1.875 16.875
2.03125 16.875
2.1875 16.875
2.34375 16.875
2.5 16.875
2.65625 16.875
2.8125 16.875
2.96875 16.875
3.125 16.875
1.875 16.71875
2.03125 16.71875
2.1875 16.71875
2.34375 16.71875
2.5 16.71875
2.65625 16.71875
2.8125 16.71875
2.96875 16.71875
3.125 16.71875
1.875 16.5625
2.03125 16.5625
2.1875 16.5625
2.34375 16.5625
2.5 16.5625
2.65625 16.5625
2.8125 16.5625
2.96875 16.5625
3.125 16.5625
1.875 16.40625
2.03125 16.40625
2.1875 16.40625
2.34375 16.40625
2.5 16.40625
2.65625 16.40625
2.8125 16.40625
2.96875 16.40625
3.125 16.40625
1.875 16.25
2.03125 16.25
2.1875 16.25
2.34375 16.25
2.5 16.25
2.65625 16.25
2.8125 16.25
2.96875 16.25
3.125 16.25
1.875 16.09375
2.03125 16.09375
2.1875 16.09375
2.34375 16.09375
2.5 16.09375
2.65625 16.09375
2.8125 16.09375
2.96875 16.09375
3.125 16.09375
1.875 15.9375
2.03125 15.9375
2.1875 15.9375
2.34375 15.9375
2.5 15.9375
2.65625 15.9375
2.8125 15.9375
2.96875 15.9375
3.125 15.9375
1.875 15.78125
2.03125 15.78125
2.1875 15.78125
2.34375 15.78125
2.5 15.78125
2.65625 15.78125
2.8125 15.78125
2.96875 15.78125
3.125 15.78125
1.875 15.625
2.03125 15.625
2.1875 15.625
2.34375 15.625
2.5 15.625
2.65625 15.625
2.8125 15.625
2.96875 15.625
3.125 15.625
1.875 15.46875
2.03125 15.46875
2.1875 15.46875
2.34375 15.46875
2.5 15.46875
2.65625 15.46875
2.8125 15.46875
2.96875 15.46875
3.125 15.46875
1.875 15.3125
2.03125 15.3125
2.1875 15.3125
2.34375 15.3125
2.5 15.3125
2.65625 15.3125
2.8125 15.3125
2.96875 15.3125
3.125 15.3125
1.875 15.15625
2.03125 15.15625
2.1875 15.15625
2.34375 15.15625
2.5 15.15625
2.65625 15.15625
2.8125 15.15625
2.96875 15.15625
3.125 15.15625
1.875 15.0
2.03125 15.0
2.1875 15.0
2.34375 15.0
2.5 15.0
2.65625 15.0
2.8125 15.0
2.96875 15.0
3.125 15.0
1.875 14.84375
2.03125 14.84375
2.1875 14.84375
2.34375 14.84375
2.5 14.84375
2.65625 14.84375
2.8125 14.84375
2.96875 14.84375
3.125 14.84375
1.875 14.6875
2.03125 14.6875
2.1875 14.6875
2.34375 14.6875
2.5 14.6875
2.65625 14.6875
2.8125 14.6875
2.96875 14.6875
3.125 14.6875
1.875 14.53125
2.03125 14.53125
2.1875 14.53125
2.34375 14.53125
2.5 14.53125
2.65625 14.53125
2.8125 14.53125
2.96875 14.53125
3.125 14.53125
1.875 14.375
2.03125 14.375
2.1875 14.375
2.34375 14.375
2.5 14.375
2.65625 14.375
2.8125 14.375
2.96875 14.375
3.125 14.375
1.875 14.21875
2.03125 14.21875
2.1875 14.21875
2.34375 14.21875
2.5 14.21875
2.65625 14.21875
2.8125 14.21875
2.96875 14.21875
3.125 14.21875
1.875 14.0625
2.03125 14.0625
2.1875 14.0625
2.34375 14.0625
2.5 14.0625
2.65625 14.0625
2.8125 14.0625
2.96875 14.0625
3.125 14.0625
1.875 13.90625
2.03125 13.90625
2.1875 13.90625
2.34375 13.90625
2.5 13.90625
2.65625 13.90625
2.8125 13.90625
2.96875 13.90625
3.125 13.90625
1.875 13.75
2.03125 13.75
2.1875 13.75
2.34375 13.75
2.5 13.75
2.65625 13.75
2.8125 13.75
2.96875 13.75
3.125 13.75
1.875 13.59375
2.03125 13.59375
2.1875 13.59375
2.34375 13.59375
2.5 13.59375
2.65625 13.59375
2.8125 13.59375
2.96875 13.59375
3.125 13.59375
1.875 13.4375
2.03125 13.4375
2.1875 13.4375
2.34375 13.4375
2.5 13.4375
2.65625 13.4375
2.8125 13.4375
2.96875 13.4375
3.125 13.4375
1.875 13.28125
2.03125 13.28125
2.1875 13.28125
2.34375 13.28125
2.5 13.28125
2.65625 13.28125
2.8125 13.28125
2.96875 13.28125
3.125 13.28125
1.875 13.125
2.03125 13.125
2.1875 13.125
2.34375 13.125
2.5 13.125
2.65625 13.125
2.8125 13.125
2.96875 13.125
3.125 13.125
1.875 12.96875
2.03125 12.96875
2.1875 12.96875
2.34375 12.96875
2.5 12.96875
2.65625 12.96875
2.8125 12.96875
2.96875 12.96875
3.125 12.96875
1.875 12.8125
2.03125 12.8125
2.1875 12.8125
2.34375 12.8125
2.5 12.8125
2.65625 12.8125
2.8125 12.8125
2.96875 12.8125
1.875 12.65625
2.03125 12.65625
2.1875 12.65625
2.34375 12.65625
2.5 12.65625
2.65625 12.65625
2.8125 12.65625
2.96875 12.65625
1.875 12.5
2.03125 12.5
2.1875 12.5
2.34375 12.5
2.5 12.5
2.65625 12.5
2.8125 12.5
2.96875 12.5
1.875 12.34375
2.03125 12.34375
2.1875 12.34375
2.34375 12.34375
2.5 12.34375
2.65625 12.34375
2.8125 12.34375
1.875 12.1875
2.03125 12.1875
2.1875 12.1875
2.34375 12.1875
2.5 12.1875
1.875 12.03125
2.03125 12.03125
2.1875 12.03125
2.34375 12.03125
2.5 12.03125
1.875 11.875
2.03125 11.875
2.1875 11.875
2.34375 11.875
2.5 11.875
1.875 11.71875
2.03125 11.71875
2.1875 11.71875
2.34375 11.71875
1.875 11.5625
2.03125 11.5625
2.1875 11.5625
2.34375 11.5625
1.875 11.40625
2.03125 11.40625
2.1875 11.40625
2.34375 11.40625
1.875 11.25
2.03125 11.25
1.875 11.09375
2.03125 11.09375
1.875 10.9375
1.875 10.78125
1.875 10.625
1.875 10.46875
