1.40625 39.84375
1.5625 39.84375
1.71875 39.84375
1.875 39.84375
2.03125 39.84375
1.40625 39.6875
1.5625 39.6875
1.71875 39.6875
1.875 39.6875
2.03125 39.6875
1.40625 39.53125
1.5625 39.53125
1.71875 39.53125
1.875 39.53125
2.03125 39.53125
1.40625 39.375
1.5625 39.375
1.71875 39.375
1.875 39.375
2.03125 39.375
1.40625 39.21875
1.5625 39.21875
1.71875 39.21875
1.875 39.21875
2.03125 39.21875
1.40625 39.0625
1.5625 39.0625
1.71875 39.0625
1.875 39.0625
2.03125 39.0625
1.40625 38.90625
1.5625 38.90625
1.71875 38.90625
1.875 38.90625
2.03125 38.90625
1.40625 38.75
1.5625 38.75
1.71875 38.75
1.875 38.75
2.03125 38.75
1.40625 38.59375
1.5625 38.59375
1.71875 38.59375
1.875 38.59375
2.03125 38.59375
1.40625 38.4375
1.5625 38.4375
1.71875 38.4375
1.875 38.4375
2.03125 38.4375
1.40625 38.28125
1.5625 38.28125
1.71875 38.28125
1.875 38.28125
2.03125 38.28125
1.40625 38.125
1.5625 38.125
1.71875 38.125
1.875 38.125
2.03125 38.125
1.40625 37.96875
1.5625 37.96875
1.71875 37.96875
1.875 37.96875
2.03125 37.96875
1.40625 37.8125
1.5625 37.8125
1.71875 37.8125
1.875 37.8125
2.03125 37.8125
1.40625 37.65625
1.5625 37.65625
1.71875 37.65625
1.875 37.65625
2.03125 37.65625
1.40625 37.5
1.5625 37.5
1.71875 37.5
1.875 37.5
2.03125 37.5
1.40625 37.34375
1.5625 37.34375
1.71875 37.34375
1.875 37.34375
2.03125 37.34375
1.40625 37.1875
1.5625 37.1875
1.71875 37.1875
1.875 37.1875
2.03125 37.1875
2.1875 37.1875
2.34375 37.1875
1.40625 37.03125
1.5625 37.03125
1.71875 37.03125
1.875 37.03125
2.03125 37.03125
2.1875 37.03125
2.34375 37.03125
1.40625 36.875
1.5625 36.875
1.71875 36.875
1.875 36.875
2.03125 36.875
2.1875 36.875
2.34375 36.875
1.40625 36.71875
1.5625 36.71875
1.71875 36.71875
1.875 36.71875
2.03125 36.71875
2.1875 36.71875
2.34375 36.71875
2.5 36.71875
2.65625 36.71875
2.8125 36.71875
1.40625 36.5625
1.5625 36.5625
1.71875 36.5625
1.875 36.5625
2.03125 36.5625
2.1875 36.5625
2.34375 36.5625
2.5 36.5625
2.65625 36.5625
2.8125 36.5625
2.96875 36.5625
1.40625 36.40625
1.5625 36.40625
1.71875 36.40625
1.875 36.40625
2.03125 36.40625
2.1875 36.40625
2.34375 36.40625
2.5 36.40625
2.65625 36.40625
2.8125 36.40625
2.96875 36.40625
1.40625 36.25
1.5625 36.25
1.71875 36.25
1.875 36.25
2.03125 36.25
2.1875 36.25
2.34375 36.25
2.5 36.25
2.65625 36.25
2.8125 36.25
2.96875 36.25
1.40625 36.09375
1.5625 36.09375
1.71875 36.09375
1.875 36.09375
2.03125 36.09375
2.1875 36.09375
2.34375 36.09375
2.5 36.09375
2.65625 36.09375
2.8125 36.09375
2.96875 36.09375
1.40625 35.9375
1.5625 35.9375
1.71875 35.9375
1.875 35.9375
2.03125 35.9375
2.1875 35.9375
2.34375 35.9375
2.5 35.9375
2.65625 35.9375
2.8125 35.9375
2.96875 35.9375
1.40625 35.78125
1.5625 35.78125
1.71875 35.78125
1.875 35.78125
2.03125 35.78125
2.1875 35.78125
2.34375 35.78125
2.5 35.78125
2.65625 35.78125
2.8125 35.78125
2.96875 35.78125
1.40625 35.625
1.5625 35.625
1.71875 35.625
1.875 35.625
2.03125 35.625
2.1875 35.625
2.34375 35.625
2.5 35.625
2.65625 35.625
2.8125 35.625
2.96875 35.625
1.40625 35.46875
1.5625 35.46875
1.71875 35.46875
1.875 35.46875
2.03125 35.46875
2.1875 35.46875
2.34375 35.46875
2.5 35.46875
2.65625 35.46875
2.8125 35.46875
2.96875 35.46875
1.40625 35.3125
1.5625 35.3125
1.71875 35.3125
1.875 35.3125
2.03125 35.3125
2.1875 35.3125
2.34375 35.3125
2.5 35.3125
2.65625 35.3125
2.8125 35.3125
2.96875 35.3125
1.40625 35.15625
1.5625 35.15625
1.71875 35.15625
1.875 35.15625
2.03125 35.15625
2.1875 35.15625
2.34375 35.15625
2.5 35.15625
2.65625 35.15625
2.8125 35.15625
2.96875 35.15625
1.40625 35.0
1.5625 35.0
1.71875 35.0
1.875 35.0
2.03125 35.0
2.1875 35.0
2.34375 35.0
2.5 35.0
2.65625 35.0
2.8125 35.0
2.96875 35.0
1.40625 34.84375
1.5625 34.84375
1.71875 34.84375
1.875 34.84375
2.03125 34.84375
2.1875 34.84375
2.34375 34.84375
2.5 34.84375
2.65625 34.84375
2.8125 34.84375
2.96875 34.84375
1.40625 34.6875
1.5625 34.6875
1.71875 34.6875
1.875 34.6875
2.03125 34.6875
2.1875 34.6875
2.34375 34.6875
2.5 34.6875
2.65625 34.6875
2.8125 34.6875
2.96875 34.6875
1.40625 34.53125
1.5625 34.53125
1.71875 34.53125
1.875 34.53125
2.03125 34.53125
2.1875 34.53125
2.34375 34.53125
2.5 34.53125
2.65625 34.53125
2.8125 34.53125
2.96875 34.53125
1.40625 34.375
1.5625 34.375
1.71875 34.375
1.875 34.375
2.03125 34.375
2.1875 34.375
2.34375 34.375
2.5 34.375
2.65625 34.375
2.8125 34.375
2.96875 34.375
1.40625 34.21875
1.5625 34.21875
1.71875 34.21875
1.875 34.21875
2.03125 34.21875
2.1875 34.21875
2.34375 34.21875
2.5 34.21875
2.65625 34.21875
2.8125 34.21875
2.96875 34.21875
1.40625 34.0625
1.5625 34.0625
1.71875 34.0625
1.875 34.0625
2.03125 34.0625
2.1875 34.0625
2.34375 34.0625
2.5 34.0625
2.65625 34.0625
2.8125 34.0625
2.96875 34.0625
1.40625 33.90625
1.5625 33.90625
1.71875 33.90625
1.875 33.90625
2.03125 33.90625
2.1875 33.90625
2.34375 33.90625
2.5 33.90625
2.65625 33.90625
2.8125 33.90625
2.96875 33.90625
1.40625 33.75
1.5625 33.75
1.71875 33.75
1.875 33.75
2.03125 33.75
2.1875 33.75
2.34375 33.75
2.5 33.75
2.65625 33.75
2.8125 33.75
2.96875 33.75
1.40625 33.59375
1.5625 33.59375
1.71875 33.59375
1.875 33.59375
2.03125 33.59375
2.1875 33.59375
2.34375 33.59375
2.5 33.59375
2.65625 33.59375
2.8125 33.59375
2.96875 33.59375
1.40625 33.4375
1.5625 33.4375
1.71875 33.4375
1.875 33.4375
2.03125 33.4375
2.1875 33.4375
2.34375 33.4375
2.5 33.4375
2.65625 33.4375
2.8125 33.4375
2.96875 33.4375
1.40625 33.28125
1.5625 33.28125
1.71875 33.28125
1.875 33.28125
2.03125 33.28125
2.1875 33.28125
2.34375 33.28125
2.5 33.28125
2.65625 33.28125
2.8125 33.28125
2.96875 33.28125
1.5625 33.125
1.71875 33.125
1.875 33.125
2.03125 33.125
2.1875 33.125
2.34375 33.125
2.5 33.125
2.65625 33.125
2.8125 33.125
2.96875 33.125
1.5625 32.96875
1.71875 32.96875
1.875 32.96875
2.03125 32.96875
2.1875 32.96875
2.34375 32.96875
2.5 32.96875
2.65625 32.96875
2.8125 32.96875
2.96875 32.96875
1.5625 32.8125
1.71875 32.8125
1.875 32.8125
2.03125 32.8125
2.1875 32.8125
2.34375 32.8125
2.5 32.8125
2.65625 32.8125
2.8125 32.8125
2.96875 32.8125
1.5625 32.65625
1.71875 32.65625
1.875 32.65625
2.03125 32.65625
2.1875 32.65625
2.34375 32.65625
2.5 32.65625
2.65625 32.65625
2.8125 32.65625
2.96875 32.65625
1.5625 32.5
1.71875 32.5
1.875 32.5
2.03125 32.5
2.1875 32.5
2.34375 32.5
2.5 32.5
2.65625 32.5
2.8125 32.5
2.96875 32.5
1.5625 32.34375
1.71875 32.34375
1.875 32.34375
2.03125 32.34375
2.1875 32.34375
2.34375 32.34375
2.5 32.34375
2.65625 32.34375
2.8125 32.34375
2.96875 32.34375
1.5625 32.1875
1.71875 32.1875
1.875 32.1875
2.03125 32.1875
2.1875 32.1875
2.34375 32.1875
2.5 32.1875
2.65625 32.1875
2.8125 32.1875
2.96875 32.1875
1.5625 32.03125
1.71875 32.03125
1.875 32.03125
2.03125 32.03125
2.1875 32.03125
2.34375 32.03125
2.5 32.03125
2.65625 32.03125
2.8125 32.03125
2.96875 32.03125
1.5625 31.875
1.71875 31.875
1.875 31.875
2.03125 31.875
2.1875 31.875
2.34375 31.875
2.5 31.875
2.65625 31.875
2.8125 31.875
2.96875 31.875
1.5625 31.71875
1.71875 31.71875
1.875 31.71875
2.03125 31.71875
2.1875 31.71875
2.34375 31.71875
2.5 31.71875
2.65625 31.71875
2.8125 31.71875
2.96875 31.71875
1.5625 31.5625
1.71875 31.5625
1.875 31.5625
2.03125 31.5625
2.1875 31.5625
2.34375 31.5625
2.5 31.5625
2.65625 31.5625
2.8125 31.5625
2.96875 31.5625
1.5625 31.40625
1.71875 31.40625
1.875 31.40625
2.03125 31.40625
2.1875 31.40625
2.34375 31.40625
2.5 31.40625
2.65625 31.40625
2.8125 31.40625
2.96875 31.40625
1.5625 31.25
1.71875 31.25
1.875 31.25
2.03125 31.25
2.1875 31.25
2.34375 31.25
2.5 31.25
2.65625 31.25
2.8125 31.25
2.96875 31.25
1.5625 31.09375
1.71875 31.09375
1.875 31.09375
2.03125 31.09375
2.1875 31.09375
2.34375 31.09375
2.5 31.09375
2.65625 31.09375
2.8125 31.09375
2.96875 31.09375
1.5625 30.9375
1.71875 30.9375
1.875 30.9375
2.03125 30.9375
2.1875 30.9375
2.34375 30.9375
2.5 30.9375
2.65625 30.9375
2.8125 30.9375
2.96875 30.9375
1.5625 30.78125
1.71875 30.78125
1.875 30.78125
2.03125 30.78125
2.1875 30.78125
2.34375 30.78125
2.5 30.78125
2.65625 30.78125
2.8125 30.78125
2.96875 30.78125
1.5625 30.625
1.71875 30.625
1.875 30.625
2.03125 30.625
2.1875 30.625
2.34375 30.625
2.5 30.625
2.65625 30.625
2.8125 30.625
2.96875 30.625
1.5625 30.46875
1.71875 30.46875
1.875 30.46875
2.03125 30.46875
2.1875 30.46875
2.34375 30.46875
2.5 30.46875
2.65625 30.46875
2.8125 30.46875
2.96875 30.46875
1.5625 30.3125
1.71875 30.3125
1.875 30.3125
2.03125 30.3125
2.1875 30.3125
2.34375 30.3125
2.5 30.3125
2.65625 30.3125
2.8125 30.3125
2.96875 30.3125
1.5625 30.15625
1.71875 30.15625
1.875 30.15625
2.03125 30.15625
2.1875 30.15625
2.34375 30.15625
2.5 30.15625
2.65625 30.15625
2.8125 30.15625
2.96875 30.15625
1.5625 30.0
1.71875 30.0
1.875 30.0
2.03125 30.0
2.1875 30.0
2.34375 30.0
2.5 30.0
2.65625 30.0
2.8125 30.0
2.96875 30.0
1.5625 29.84375
1.71875 29.84375
1.875 29.84375
2.03125 29.84375
2.1875 29.84375
2.34375 29.84375
2.5 29.84375
2.65625 29.84375
2.8125 29.84375
2.96875 29.84375
1.5625 29.6875
1.71875 29.6875
1.875 29.6875
2.03125 29.6875
2.1875 29.6875
2.34375 29.6875
2.5 29.6875
2.65625 29.6875
2.8125 29.6875
2.96875 29.6875
1.5625 29.53125
1.71875 29.53125
1.875 29.53125
2.03125 29.53125
2.1875 29.53125
2.34375 29.53125
2.5 29.53125
2.65625 29.53125
2.8125 29.53125
2.96875 29.53125
1.5625 29.375
1.71875 29.375
1.875 29.375
2.03125 29.375
2.1875 29.375
2.34375 29.375
2.5 29.375
2.65625 29.375
2.8125 29.375
2.96875 29.375
1.5625 29.21875
1.71875 29.21875
1.875 29.21875
2.03125 29.21875
2.1875 29.21875
2.34375 29.21875
2.5 29.21875
2.65625 29.21875
2.8125 29.21875
2.96875 29.21875
1.5625 29.0625
1.71875 29.0625
1.875 29.0625
2.03125 29.0625
2.1875 29.0625
2.34375 29.0625
2.5 29.0625
2.65625 29.0625
2.8125 29.0625
2.96875 29.0625
1.5625 28.90625
1.71875 28.90625
1.875 28.90625
2.03125 28.90625
2.1875 28.90625
2.34375 28.90625
2.5 28.90625
2.65625 28.90625
2.8125 28.90625
2.96875 28.90625
1.5625 28.75
1.71875 28.75
1.875 28.75
2.03125 28.75
2.1875 28.75
2.34375 28.75
2.5 28.75
2.65625 28.75
2.8125 28.75
2.96875 28.75
1.5625 28.59375
1.71875 28.59375
1.875 28.59375
2.03125 28.59375
2.1875 28.59375
2.34375 28.59375
2.5 28.59375
2.65625 28.59375
2.8125 28.59375
2.96875 28.59375
1.5625 28.4375
1.71875 28.4375
1.875 28.4375
2.03125 28.4375
2.1875 28.4375
2.34375 28.4375
2.5 28.4375
2.65625 28.4375
2.8125 28.4375
2.96875 28.4375
1.5625 28.28125
1.71875 28.28125
1.875 28.28125
2.03125 28.28125
2.1875 28.28125
2.34375 28.28125
2.5 28.28125
2.65625 28.28125
2.8125 28.28125
2.96875 28.28125
1.5625 28.125
1.71875 28.125
1.875 28.125
2.03125 28.125
2.1875 28.125
2.34375 28.125
2.5 28.125
2.65625 28.125
2.8125 28.125
2.96875 28.125
1.5625 27.96875
1.71875 27.96875
1.875 27.96875
2.03125 27.96875
2.1875 27.96875
2.34375 27.96875
2.5 27.96875
2.65625 27.96875
2.8125 27.96875
2.96875 27.96875
1.5625 27.8125
1.71875 27.8125
1.875 27.8125
2.03125 27.8125
2.1875 27.8125
2.34375 27.8125
2.5 27.8125
2.65625 27.8125
2.8125 27.8125
2.96875 27.8125
1.5625 27.65625
1.71875 27.65625
1.875 27.65625
2.03125 27.65625
2.1875 27.65625
2.34375 27.65625
2.5 27.65625
2.65625 27.65625
2.8125 27.65625
2.96875 27.65625
1.5625 27.5
1.71875 27.5
1.875 27.5
2.03125 27.5
2.1875 27.5
2.34375 27.5
2.5 27.5
2.65625 27.5
2.8125 27.5
2.96875 27.5
1.5625 27.34375
1.71875 27.34375
1.875 27.34375
2.03125 27.34375
2.1875 27.34375
2.34375 27.34375
2.5 27.34375
2.65625 27.34375
2.8125 27.34375
2.96875 27.34375
1.5625 27.1875
1.71875 27.1875
1.875 27.1875
2.03125 27.1875
2.1875 27.1875
2.34375 27.1875
2.5 27.1875
2.65625 27.1875
2.8125 27.1875
2.96875 27.1875
1.5625 27.03125
1.71875 27.03125
1.875 27.03125
2.03125 27.03125
2.1875 27.03125
2.34375 27.03125
2.5 27.03125
2.65625 27.03125
2.8125 27.03125
2.96875 27.03125
1.5625 26.875
1.71875 26.875
1.875 26.875
2.03125 26.875
2.1875 26.875
2.34375 26.875
2.5 26.875
2.65625 26.875
2.8125 26.875
2.96875 26.875
1.5625 26.71875
1.71875 26.71875
1.875 26.71875
2.03125 26.71875
2.1875 26.71875
2.34375 26.71875
2.5 26.71875
2.65625 26.71875
2.8125 26.71875
2.96875 26.71875
1.5625 26.5625
1.71875 26.5625
1.875 26.5625
2.03125 26.5625
2.1875 26.5625
2.34375 26.5625
2.5 26.5625
2.65625 26.5625
2.8125 26.5625
2.96875 26.5625
1.5625 26.40625
1.71875 26.40625
1.875 26.40625
2.03125 26.40625
2.1875 26.40625
2.34375 26.40625
2.5 26.40625
2.65625 26.40625
2.8125 26.40625
2.96875 26.40625
1.5625 26.25
1.71875 26.25
1.875 26.25
2.03125 26.25
2.1875 26.25
2.34375 26.25
2.5 26.25
2.65625 26.25
2.8125 26.25
2.96875 26.25
1.5625 26.09375
1.71875 26.09375
1.875 26.09375
2.03125 26.09375
2.1875 26.09375
2.34375 26.09375
2.5 26.09375
2.65625 26.09375
2.8125 26.09375
2.96875 26.09375
1.5625 25.9375
1.71875 25.9375
1.875 25.9375
2.03125 25.9375
2.1875 25.9375
2.34375 25.9375
2.5 25.9375
2.65625 25.9375
2.8125 25.9375
2.96875 25.9375
1.5625 25.78125
1.71875 25.78125
1.875 25.78125
2.03125 25.78125
2.1875 25.78125
2.34375 25.78125
2.5 25.78125
2.65625 25.78125
2.8125 25.78125
2.96875 25.78125
1.5625 25.625
1.71875 25.625
1.875 25.625
2.03125 25.625
2.1875 25.625
2.34375 25.625
2.5 25.625
2.65625 25.625
2.8125 25.625
2.96875 25.625
1.5625 25.46875
1.71875 25.46875
1.875 25.46875
2.03125 25.46875
2.1875 25.46875
2.34375 25.46875
2.5 25.46875
2.65625 25.46875
2.8125 25.46875
2.96875 25.46875
1.5625 25.3125
1.71875 25.3125
1.875 25.3125
2.03125 25.3125
2.1875 25.3125
2.34375 25.3125
2.5 25.3125
2.65625 25.3125
2.8125 25.3125
2.96875 25.3125
1.5625 25.15625
1.71875 25.15625
1.875 25.15625
2.03125 25.15625
2.1875 25.15625
2.34375 25.15625
2.5 25.15625
2.65625 25.15625
2.8125 25.15625
2.96875 25.15625
1.5625 25.0
1.71875 25.0
1.875 25.0
2.03125 25.0
2.1875 25.0
2.34375 25.0
2.5 25.0
2.65625 25.0
2.8125 25.0
2.96875 25.0
1.5625 24.84375
1.71875 24.84375
1.875 24.84375
2.03125 24.84375
2.1875 24.84375
2.34375 24.84375
2.5 24.84375
2.65625 24.84375
2.8125 24.84375
2.96875 24.84375
1.5625 24.6875
1.71875 24.6875
1.875 24.6875
2.03125 24.6875
2.1875 24.6875
2.34375 24.6875
2.5 24.6875
2.65625 24.6875
2.8125 24.6875
2.96875 24.6875
1.5625 24.53125
1.71875 24.53125
1.875 24.53125
2.03125 24.53125
2.1875 24.53125
2.34375 24.53125
2.5 24.53125
2.65625 24.53125
2.8125 24.53125
2.96875 24.53125
1.5625 24.375
1.71875 24.375
1.875 24.375
2.03125 24.375
2.1875 24.375
2.34375 24.375
2.5 24.375
2.65625 24.375
2.8125 24.375
2.96875 24.375
1.5625 24.21875
1.71875 24.21875
1.875 24.21875
2.03125 24.21875
2.1875 24.21875
2.34375 24.21875
2.5 24.21875
2.65625 24.21875
2.8125 24.21875
2.96875 24.21875
1.5625 24.0625
1.71875 24.0625
1.875 24.0625
2.03125 24.0625
2.1875 24.0625
2.34375 24.0625
2.5 24.0625
2.65625 24.0625
2.8125 24.0625
2.96875 24.0625
1.5625 23.90625
1.71875 23.90625
1.875 23.90625
2.03125 23.90625
2.1875 23.90625
2.34375 23.90625
2.5 23.90625
2.65625 23.90625
2.8125 23.90625
2.96875 23.90625
1.5625 23.75
1.71875 23.75
1.875 23.75
2.03125 23.75
2.1875 23.75
2.34375 23.75
2.5 23.75
2.65625 23.75
2.8125 23.75
2.96875 23.75
1.5625 23.59375
1.71875 23.59375
1.875 23.59375
2.03125 23.59375
2.1875 23.59375
2.34375 23.59375
2.5 23.59375
2.65625 23.59375
2.8125 23.59375
2.96875 23.59375
1.5625 23.4375
1.71875 23.4375
1.875 23.4375
2.03125 23.4375
2.1875 23.4375
2.34375 23.4375
2.5 23.4375
1.5625 23.28125
1.71875 23.28125
1.875 23.28125
2.03125 23.28125
2.1875 23.28125
1.5625 23.125
1.71875 23.125
1.875 23.125
2.03125 23.125
2.1875 23.125
1.5625 22.96875
1.71875 22.96875
1.875 22.96875
2.03125 22.96875
1.5625 22.8125
1.71875 22.8125
1.875 22.8125
2.03125 22.8125
1.5625 22.65625
1.71875 22.65625
1.875 22.65625
2.03125 22.65625
1.5625 22.5
1.71875 22.5
1.875 22.5
2.03125 22.5
1.5625 22.34375
1.71875 22.34375
1.5625 22.1875
1.71875 22.1875
1.5625 22.03125
1.71875 22.03125
1.5625 21.875
1.71875 21.875
1.5625 21.71875
1.71875 21.71875
1.5625 21.5625
1.71875 21.5625
1.5625 21.40625
