1.40625 34.21875
1.40625 34.0625
1.40625 33.90625
1.40625 33.75
1.40625 33.59375
1.40625 33.4375
1.40625 33.28125
1.40625 33.125
1.40625 32.96875
1.40625 32.8125
1.5625 32.8125
1.71875 32.8125
1.875 32.8125
1.40625 32.65625
1.5625 32.65625
1.71875 32.65625
1.875 32.65625
1.40625 32.5
1.5625 32.5
1.71875 32.5
1.875 32.5
2.03125 32.5
1.40625 32.34375
1.5625 32.34375
1.71875 32.34375
1.875 32.34375
2.03125 32.34375
1.40625 32.1875
1.5625 32.1875
1.71875 32.1875
1.875 32.1875
2.03125 32.1875
2.1875 32.1875
1.40625 32.03125
1.5625 32.03125
1.71875 32.03125
1.875 32.03125
2.03125 32.03125
2.1875 32.03125
1.40625 31.875
1.5625 31.875
1.71875 31.875
1.875 31.875
2.03125 31.875
2.1875 31.875
2.34375 31.875
1.40625 31.71875
1.5625 31.71875
1.71875 31.71875
1.875 31.71875
2.03125 31.71875
2.1875 31.71875
2.34375 31.71875
2.5 31.71875
2.65625 31.71875
2.8125 31.71875
2.96875 31.71875
1.40625 31.5625
1.5625 31.5625
1.71875 31.5625
1.875 31.5625
2.03125 31.5625
2.1875 31.5625
2.34375 31.5625
2.5 31.5625
2.65625 31.5625
2.8125 31.5625
2.96875 31.5625
1.40625 31.40625
1.5625 31.40625
1.71875 31.40625
1.875 31.40625
2.03125 31.40625
2.1875 31.40625
2.34375 31.40625
2.5 31.40625
2.65625 31.40625
2.8125 31.40625
2.96875 31.40625
1.40625 31.25
1.5625 31.25
1.71875 31.25
1.875 31.25
2.03125 31.25
2.1875 31.25
2.34375 31.25
2.5 31.25
2.65625 31.25
2.8125 31.25
2.96875 31.25
1.40625 31.09375
1.5625 31.09375
1.71875 31.09375
1.875 31.09375
2.03125 31.09375
2.1875 31.09375
2.34375 31.09375
2.5 31.09375
2.65625 31.09375
2.8125 31.09375
2.96875 31.09375
1.40625 30.9375
1.5625 30.9375
1.71875 30.9375
1.875 30.9375
2.03125 30.9375
2.1875 30.9375
2.34375 30.9375
2.5 30.9375
2.65625 30.9375
2.8125 30.9375
2.96875 30.9375
1.40625 30.78125
1.5625 30.78125
1.71875 30.78125
1.875 30.78125
2.03125 30.78125
2.1875 30.78125
2.34375 30.78125
2.5 30.78125
2.65625 30.78125
2.8125 30.78125
2.96875 30.78125
1.40625 30.625
1.5625 30.625
1.71875 30.625
1.875 30.625
2.03125 30.625
2.1875 30.625
2.34375 30.625
2.5 30.625
2.65625 30.625
2.8125 30.625
2.96875 30.625
1.40625 30.46875
1.5625 30.46875
1.71875 30.46875
1.875 30.46875
2.03125 30.46875
2.1875 30.46875
2.34375 30.46875
2.5 30.46875
2.65625 30.46875
2.8125 30.46875
2.96875 30.46875
1.40625 30.3125
1.5625 30.3125
1.71875 30.3125
1.875 30.3125
2.03125 30.3125
2.1875 30.3125
2.34375 30.3125
2.5 30.3125
2.65625 30.3125
2.8125 30.3125
2.96875 30.3125
1.40625 30.15625
1.5625 30.15625
1.71875 30.15625
1.875 30.15625
2.03125 30.15625
2.1875 30.15625
2.34375 30.15625
2.5 30.15625
2.65625 30.15625
2.8125 30.15625
2.96875 30.15625
1.40625 30.0
1.5625 30.0
1.71875 30.0
1.875 30.0
2.03125 30.0
2.1875 30.0
2.34375 30.0
2.5 30.0
2.65625 30.0
2.8125 30.0
2.96875 30.0
1.5625 29.84375
1.71875 29.84375
1.875 29.84375
2.03125 29.84375
2.1875 29.84375
2.34375 29.84375
2.5 29.84375
2.65625 29.84375
2.8125 29.84375
2.96875 29.84375
1.5625 29.6875
1.71875 29.6875
1.875 29.6875
2.03125 29.6875
2.1875 29.6875
2.34375 29.6875
2.5 29.6875
2.65625 29.6875
2.8125 29.6875
2.96875 29.6875
1.5625 29.53125
1.71875 29.53125
1.875 29.53125
2.03125 29.53125
2.1875 29.53125
2.34375 29.53125
2.5 29.53125
2.65625 29.53125
2.8125 29.53125
2.96875 29.53125
1.5625 29.375
1.71875 29.375
1.875 29.375
2.03125 29.375
2.1875 29.375
2.34375 29.375
2.5 29.375
2.65625 29.375
2.8125 29.375
2.96875 29.375
1.5625 29.21875
1.71875 29.21875
1.875 29.21875
2.03125 29.21875
2.1875 29.21875
2.34375 29.21875
2.5 29.21875
2.65625 29.21875
2.8125 29.21875
2.96875 29.21875
1.5625 29.0625
1.71875 29.0625
1.875 29.0625
2.03125 29.0625
2.1875 29.0625
2.34375 29.0625
2.5 29.0625
2.65625 29.0625
2.8125 29.0625
2.96875 29.0625
1.5625 28.90625
1.71875 28.90625
1.875 28.90625
2.03125 28.90625
2.1875 28.90625
2.34375 28.90625
2.5 28.90625
2.65625 28.90625
2.8125 28.90625
2.96875 28.90625
1.5625 28.75
1.71875 28.75
1.875 28.75
2.03125 28.75
2.1875 28.75
2.34375 28.75
2.5 28.75
2.65625 28.75
2.8125 28.75
2.96875 28.75
1.5625 28.59375
1.71875 28.59375
1.875 28.59375
2.03125 28.59375
2.1875 28.59375
2.34375 28.59375
2.5 28.59375
2.65625 28.59375
2.8125 28.59375
2.96875 28.59375
1.5625 28.4375
1.71875 28.4375
1.875 28.4375
2.03125 28.4375
2.1875 28.4375
2.34375 28.4375
2.5 28.4375
2.65625 28.4375
2.8125 28.4375
2.96875 28.4375
1.5625 28.28125
1.71875 28.28125
1.875 28.28125
2.03125 28.28125
2.1875 28.28125
2.34375 28.28125
2.5 28.28125
2.65625 28.28125
2.8125 28.28125
2.96875 28.28125
1.5625 28.125
1.71875 28.125
1.875 28.125
2.03125 28.125
2.1875 28.125
2.34375 28.125
2.5 28.125
2.65625 28.125
2.8125 28.125
2.96875 28.125
1.5625 27.96875
1.71875 27.96875
1.875 27.96875
2.03125 27.96875
2.1875 27.96875
2.34375 27.96875
2.5 27.96875
2.65625 27.96875
2.8125 27.96875
2.96875 27.96875
1.5625 27.8125
1.71875 27.8125
1.875 27.8125
2.03125 27.8125
2.1875 27.8125
2.34375 27.8125
2.5 27.8125
2.65625 27.8125
2.8125 27.8125
2.96875 27.8125
1.5625 27.65625
1.71875 27.65625
1.875 27.65625
2.03125 27.65625
2.1875 27.65625
2.34375 27.65625
2.5 27.65625
2.65625 27.65625
2.8125 27.65625
2.96875 27.65625
1.5625 27.5
1.71875 27.5
1.875 27.5
2.03125 27.5
2.1875 27.5
2.34375 27.5
2.5 27.5
2.65625 27.5
2.8125 27.5
2.96875 27.5
1.5625 27.34375
1.71875 27.34375
1.875 27.34375
2.03125 27.34375
2.1875 27.34375
2.34375 27.34375
2.5 27.34375
2.65625 27.34375
2.8125 27.34375
2.96875 27.34375
1.5625 27.1875
1.71875 27.1875
1.875 27.1875
2.03125 27.1875
2.1875 27.1875
2.34375 27.1875
2.5 27.1875
2.65625 27.1875
2.8125 27.1875
2.96875 27.1875
1.5625 27.03125
1.71875 27.03125
1.875 27.03125
2.03125 27.03125
2.1875 27.03125
2.34375 27.03125
2.5 27.03125
2.65625 27.03125
2.8125 27.03125
2.96875 27.03125
1.5625 26.875
1.71875 26.875
1.875 26.875
2.03125 26.875
2.1875 26.875
2.34375 26.875
2.5 26.875
2.65625 26.875
2.8125 26.875
2.96875 26.875
1.5625 26.71875
1.71875 26.71875
1.875 26.71875
2.03125 26.71875
2.1875 26.71875
2.34375 26.71875
2.5 26.71875
2.65625 26.71875
2.8125 26.71875
2.96875 26.71875
1.5625 26.5625
1.71875 26.5625
1.875 26.5625
2.03125 26.5625
2.1875 26.5625
2.34375 26.5625
2.5 26.5625
2.65625 26.5625
2.8125 26.5625
2.96875 26.5625
1.5625 26.40625
1.71875 26.40625
1.875 26.40625
2.03125 26.40625
2.1875 26.40625
2.34375 26.40625
2.5 26.40625
2.65625 26.40625
2.8125 26.40625
2.96875 26.40625
1.5625 26.25
1.71875 26.25
1.875 26.25
2.03125 26.25
2.1875 26.25
2.34375 26.25
2.5 26.25
2.65625 26.25
2.8125 26.25
2.96875 26.25
1.5625 26.09375
1.71875 26.09375
1.875 26.09375
2.03125 26.09375
2.1875 26.09375
2.34375 26.09375
2.5 26.09375
2.65625 26.09375
2.8125 26.09375
2.96875 26.09375
1.5625 25.9375
1.71875 25.9375
1.875 25.9375
2.03125 25.9375
2.1875 25.9375
2.34375 25.9375
2.5 25.9375
2.65625 25.9375
2.8125 25.9375
2.96875 25.9375
1.5625 25.78125
1.71875 25.78125
1.875 25.78125
2.03125 25.78125
2.1875 25.78125
2.34375 25.78125
2.5 25.78125
2.65625 25.78125
2.8125 25.78125
2.96875 25.78125
1.5625 25.625
1.71875 25.625
1.875 25.625
2.03125 25.625
2.1875 25.625
2.34375 25.625
2.5 25.625
2.65625 25.625
2.8125 25.625
2.96875 25.625
1.5625 25.46875
1.71875 25.46875
1.875 25.46875
2.03125 25.46875
2.1875 25.46875
2.34375 25.46875
2.5 25.46875
2.65625 25.46875
2.8125 25.46875
2.96875 25.46875
1.5625 25.3125
1.71875 25.3125
1.875 25.3125
2.03125 25.3125
2.1875 25.3125
2.34375 25.3125
2.5 25.3125
2.65625 25.3125
2.8125 25.3125
2.96875 25.3125
1.5625 25.15625
1.71875 25.15625
1.875 25.15625
2.03125 25.15625
2.1875 25.15625
2.34375 25.15625
2.5 25.15625
2.65625 25.15625
2.8125 25.15625
2.96875 25.15625
1.5625 25.0
1.71875 25.0
1.875 25.0
2.03125 25.0
2.1875 25.0
2.34375 25.0
2.5 25.0
2.65625 25.0
2.8125 25.0
2.96875 25.0
1.5625 24.84375
1.71875 24.84375
1.875 24.84375
2.03125 24.84375
2.1875 24.84375
2.34375 24.84375
2.5 24.84375
2.65625 24.84375
2.8125 24.84375
2.96875 24.84375
3.125 24.84375
1.5625 24.6875
1.71875 24.6875
1.875 24.6875
2.03125 24.6875
2.1875 24.6875
2.34375 24.6875
2.5 24.6875
2.65625 24.6875
2.8125 24.6875
2.96875 24.6875
3.125 24.6875
1.5625 24.53125
1.71875 24.53125
1.875 24.53125
2.03125 24.53125
2.1875 24.53125
2.34375 24.53125
2.5 24.53125
2.65625 24.53125
2.8125 24.53125
2.96875 24.53125
3.125 24.53125
1.5625 24.375
1.71875 24.375
1.875 24.375
2.03125 24.375
2.1875 24.375
2.34375 24.375
2.5 24.375
2.65625 24.375
2.8125 24.375
2.96875 24.375
3.125 24.375
1.5625 24.21875
1.71875 24.21875
1.875 24.21875
2.03125 24.21875
2.1875 24.21875
2.34375 24.21875
2.5 24.21875
2.65625 24.21875
2.8125 24.21875
2.96875 24.21875
3.125 24.21875
1.5625 24.0625
1.71875 24.0625
1.875 24.0625
2.03125 24.0625
2.1875 24.0625
2.34375 24.0625
2.5 24.0625
2.65625 24.0625
2.8125 24.0625
2.96875 24.0625
3.125 24.0625
1.5625 23.90625
1.71875 23.90625
1.875 23.90625
2.03125 23.90625
2.1875 23.90625
2.34375 23.90625
2.5 23.90625
2.65625 23.90625
2.8125 23.90625
2.96875 23.90625
3.125 23.90625
1.5625 23.75
1.71875 23.75
1.875 23.75
2.03125 23.75
2.1875 23.75
2.34375 23.75
2.5 23.75
2.65625 23.75
2.8125 23.75
2.96875 23.75
3.125 23.75
1.5625 23.59375
1.71875 23.59375
1.875 23.59375
2.03125 23.59375
2.1875 23.59375
2.34375 23.59375
2.5 23.59375
2.65625 23.59375
2.8125 23.59375
2.96875 23.59375
3.125 23.59375
1.5625 23.4375
1.71875 23.4375
1.875 23.4375
2.03125 23.4375
2.1875 23.4375
2.34375 23.4375
2.5 23.4375
2.65625 23.4375
2.8125 23.4375
2.96875 23.4375
3.125 23.4375
1.5625 23.28125
1.71875 23.28125
1.875 23.28125
2.03125 23.28125
2.1875 23.28125
2.34375 23.28125
2.5 23.28125
2.65625 23.28125
2.8125 23.28125
2.96875 23.28125
3.125 23.28125
1.5625 23.125
1.71875 23.125
1.875 23.125
2.03125 23.125
2.1875 23.125
2.34375 23.125
2.5 23.125
2.65625 23.125
2.8125 23.125
2.96875 23.125
3.125 23.125
1.5625 22.96875
1.71875 22.96875
1.875 22.96875
2.03125 22.96875
2.1875 22.96875
2.34375 22.96875
2.5 22.96875
2.65625 22.96875
2.8125 22.96875
2.96875 22.96875
3.125 22.96875
1.5625 22.8125
1.71875 22.8125
1.875 22.8125
2.03125 22.8125
2.1875 22.8125
2.34375 22.8125
2.5 22.8125
2.65625 22.8125
2.8125 22.8125
2.96875 22.8125
3.125 22.8125
1.5625 22.65625
1.71875 22.65625
1.875 22.65625
2.03125 22.65625
2.1875 22.65625
2.34375 22.65625
2.5 22.65625
2.65625 22.65625
2.8125 22.65625
2.96875 22.65625
3.125 22.65625
1.5625 22.5
1.71875 22.5
1.875 22.5
2.03125 22.5
2.1875 22.5
2.34375 22.5
2.5 22.5
2.65625 22.5
2.8125 22.5
2.96875 22.5
3.125 22.5
1.5625 22.34375
1.71875 22.34375
1.875 22.34375
2.03125 22.34375
2.1875 22.34375
2.34375 22.34375
2.5 22.34375
2.65625 22.34375
2.8125 22.34375
2.96875 22.34375
3.125 22.34375
1.5625 22.1875
1.71875 22.1875
1.875 22.1875
2.03125 22.1875
2.1875 22.1875
2.34375 22.1875
2.5 22.1875
2.65625 22.1875
2.8125 22.1875
2.96875 22.1875
3.125 22.1875
1.5625 22.03125
1.71875 22.03125
1.875 22.03125
2.03125 22.03125
2.1875 22.03125
2.34375 22.03125
2.5 22.03125
2.65625 22.03125
2.8125 22.03125
2.96875 22.03125
3.125 22.03125
1.5625 21.875
1.71875 21.875
1.875 21.875
2.03125 21.875
2.1875 21.875
2.34375 21.875
2.5 21.875
2.65625 21.875
2.8125 21.875
2.96875 21.875
3.125 21.875
1.5625 21.71875
1.71875 21.71875
1.875 21.71875
2.03125 21.71875
2.1875 21.71875
2.34375 21.71875
2.5 21.71875
2.65625 21.71875
2.8125 21.71875
2.96875 21.71875
3.125 21.71875
1.5625 21.5625
1.71875 21.5625
1.875 21.5625
2.03125 21.5625
2.1875 21.5625
2.34375 21.5625
2.5 21.5625
2.65625 21.5625
2.8125 21.5625
2.96875 21.5625
3.125 21.5625
1.5625 21.40625
1.71875 21.40625
1.875 21.40625
2.03125 21.40625
2.1875 21.40625
2.34375 21.40625
2.5 21.40625
2.65625 21.40625
2.8125 21.40625
2.96875 21.40625
3.125 21.40625
1.5625 21.25
1.71875 21.25
1.875 21.25
2.03125 21.25
2.1875 21.25
2.34375 21.25
2.5 21.25
2.65625 21.25
2.8125 21.25
2.96875 21.25
3.125 21.25
1.5625 21.09375
1.71875 21.09375
1.875 21.09375
2.03125 21.09375
2.1875 21.09375
2.34375 21.09375
2.5 21.09375
2.65625 21.09375
2.8125 21.09375
2.96875 21.09375
3.125 21.09375
1.5625 20.9375
1.71875 20.9375
1.875 20.9375
2.03125 20.9375
2.1875 20.9375
2.34375 20.9375
2.5 20.9375
2.65625 20.9375
2.8125 20.9375
2.96875 20.9375
3.125 20.9375
1.5625 20.78125
1.71875 20.78125
1.875 20.78125
2.03125 20.78125
2.1875 20.78125
2.34375 20.78125
2.5 20.78125
2.65625 20.78125
2.8125 20.78125
2.96875 20.78125
3.125 20.78125
1.5625 20.625
1.71875 20.625
1.875 20.625
2.03125 20.625
2.1875 20.625
2.34375 20.625
2.5 20.625
2.65625 20.625
2.8125 20.625
2.96875 20.625
3.125 20.625
1.5625 20.46875
1.71875 20.46875
1.875 20.46875
2.03125 20.46875
2.1875 20.46875
2.34375 20.46875
2.5 20.46875
2.65625 20.46875
2.8125 20.46875
2.96875 20.46875
3.125 20.46875
1.5625 20.3125
1.71875 20.3125
1.875 20.3125
2.03125 20.3125
2.1875 20.3125
2.34375 20.3125
2.5 20.3125
2.65625 20.3125
2.8125 20.3125
2.96875 20.3125
3.125 20.3125
1.5625 20.15625
1.71875 20.15625
1.875 20.15625
2.03125 20.15625
2.1875 20.15625
2.34375 20.15625
2.5 20.15625
2.65625 20.15625
2.8125 20.15625
2.96875 20.15625
3.125 20.15625
1.5625 20.0
1.71875 20.0
1.875 20.0
2.03125 20.0
2.1875 20.0
2.34375 20.0
2.5 20.0
2.65625 20.0
2.8125 20.0
2.96875 20.0
3.125 20.0
1.5625 19.84375
1.71875 19.84375
1.875 19.84375
2.03125 19.84375
2.1875 19.84375
2.34375 19.84375
2.5 19.84375
2.65625 19.84375
2.8125 19.84375
2.96875 19.84375
3.125 19.84375
1.5625 19.6875
1.71875 19.6875
1.875 19.6875
2.03125 19.6875
2.1875 19.6875
2.34375 19.6875
2.5 19.6875
2.65625 19.6875
2.8125 19.6875
2.96875 19.6875
3.125 19.6875
1.5625 19.53125
1.71875 19.53125
1.875 19.53125
2.03125 19.53125
2.1875 19.53125
2.34375 19.53125
2.5 19.53125
2.65625 19.53125
2.8125 19.53125
2.96875 19.53125
3.125 19.53125
1.5625 19.375
1.71875 19.375
1.875 19.375
2.03125 19.375
2.1875 19.375
2.34375 19.375
2.5 19.375
2.65625 19.375
2.8125 19.375
2.96875 19.375
3.125 19.375
1.5625 19.21875
1.71875 19.21875
1.875 19.21875
2.03125 19.21875
2.1875 19.21875
2.34375 19.21875
2.5 19.21875
2.65625 19.21875
2.8125 19.21875
2.96875 19.21875
3.125 19.21875
1.5625 19.0625
1.71875 19.0625
1.875 19.0625
2.03125 19.0625
2.1875 19.0625
2.34375 19.0625
2.5 19.0625
2.65625 19.0625
2.8125 19.0625
2.96875 19.0625
3.125 19.0625
1.5625 18.90625
1.71875 18.90625
1.875 18.90625
2.03125 18.90625
2.1875 18.90625
2.34375 18.90625
2.5 18.90625
2.65625 18.90625
2.8125 18.90625
2.96875 18.90625
3.125 18.90625
1.5625 18.75
1.71875 18.75
1.875 18.75
2.03125 18.75
2.1875 18.75
2.34375 18.75
2.5 18.75
2.65625 18.75
2.8125 18.75
2.96875 18.75
3.125 18.75
1.5625 18.59375
1.71875 18.59375
1.875 18.59375
2.03125 18.59375
2.1875 18.59375
2.34375 18.59375
2.5 18.59375
2.65625 18.59375
2.8125 18.59375
2.96875 18.59375
3.125 18.59375
1.5625 18.4375
1.71875 18.4375
1.875 18.4375
2.03125 18.4375
2.1875 18.4375
2.34375 18.4375
2.5 18.4375
2.65625 18.4375
2.8125 18.4375
2.96875 18.4375
3.125 18.4375
1.5625 18.28125
1.71875 18.28125
1.875 18.28125
2.03125 18.28125
2.1875 18.28125
2.34375 18.28125
2.5 18.28125
2.65625 18.28125
2.8125 18.28125
2.96875 18.28125
3.125 18.28125
1.5625 18.125
1.71875 18.125
1.875 18.125
2.03125 18.125
2.1875 18.125
2.34375 18.125
2.5 18.125
2.65625 18.125
2.8125 18.125
2.96875 18.125
3.125 18.125
1.5625 17.96875
1.71875 17.96875
1.875 17.96875
2.03125 17.96875
2.1875 17.96875
2.34375 17.96875
2.5 17.96875
2.65625 17.96875
2.8125 17.96875
1.5625 17.8125
1.71875 17.8125
1.875 17.8125
2.03125 17.8125
2.1875 17.8125
2.34375 17.8125
2.5 17.8125
2.65625 17.8125
2.8125 17.8125
1.5625 17.65625
1.71875 17.65625
1.875 17.65625
2.03125 17.65625
2.1875 17.65625
2.34375 17.65625
2.5 17.65625
2.65625 17.65625
1.5625 17.5
1.71875 17.5
1.875 17.5
2.03125 17.5
2.1875 17.5
2.34375 17.5
1.5625 17.34375
1.71875 17.34375
1.875 17.34375
2.03125 17.34375
2.1875 17.34375
2.34375 17.34375
1.5625 17.1875
1.71875 17.1875
1.875 17.1875
2.03125 17.1875
2.1875 17.1875
1.5625 17.03125
1.71875 17.03125
1.875 17.03125
2.03125 17.03125
2.1875 17.03125
1.5625 16.875
1.71875 16.875
1.875 16.875
2.03125 16.875
2.1875 16.875
1.5625 16.71875
1.71875 16.71875
1.875 16.71875
2.03125 16.71875
2.1875 16.71875
1.5625 16.5625
1.71875 16.5625
1.875 16.5625
2.03125 16.5625
1.5625 16.40625
1.71875 16.40625
1.875 16.40625
2.03125 16.40625
1.5625 16.25
1.71875 16.25
1.875 16.25
2.03125 16.25
1.5625 16.09375
1.71875 16.09375
1.875 16.09375
1.5625 15.9375
1.71875 15.9375
1.875 15.9375
1.5625 15.78125
1.71875 15.78125
1.875 15.78125
1.5625 15.625
1.5625 15.46875
1.5625 15.3125
1.5625 15.15625
1.5625 15.0
1.5625 14.84375
1.5625 14.6875
