3.28125 39.84375
3.4375 39.84375
3.59375 39.84375
3.75 39.84375
3.90625 39.84375
4.0625 39.84375
4.21875 39.84375
4.375 39.84375
4.53125 39.84375
4.6875 39.84375
4.84375 39.84375
5.0 39.84375
5.15625 39.84375
5.3125 39.84375
5.46875 39.84375
5.625 39.84375
5.78125 39.84375
5.9375 39.84375
6.09375 39.84375
3.28125 39.6875
3.4375 39.6875
3.59375 39.6875
3.75 39.6875
3.90625 39.6875
4.0625 39.6875
4.21875 39.6875
4.375 39.6875
4.53125 39.6875
4.6875 39.6875
4.84375 39.6875
5.0 39.6875
5.15625 39.6875
5.3125 39.6875
5.46875 39.6875
5.625 39.6875
5.78125 39.6875
5.9375 39.6875
6.09375 39.6875
3.28125 39.53125
3.4375 39.53125
3.59375 39.53125
3.75 39.53125
3.90625 39.53125
4.0625 39.53125
4.21875 39.53125
4.375 39.53125
4.53125 39.53125
4.6875 39.53125
4.84375 39.53125
5.0 39.53125
5.15625 39.53125
5.3125 39.53125
5.46875 39.53125
5.625 39.53125
5.78125 39.53125
5.9375 39.53125
6.09375 39.53125
3.28125 39.375
3.4375 39.375
3.59375 39.375
3.75 39.375
3.90625 39.375
4.0625 39.375
4.21875 39.375
4.375 39.375
4.53125 39.375
4.6875 39.375
4.84375 39.375
5.0 39.375
5.15625 39.375
5.3125 39.375
5.46875 39.375
5.625 39.375
5.78125 39.375
5.9375 39.375
6.09375 39.375
3.28125 39.21875
3.4375 39.21875
3.59375 39.21875
3.75 39.21875
3.90625 39.21875
4.0625 39.21875
4.21875 39.21875
4.375 39.21875
4.53125 39.21875
4.6875 39.21875
4.84375 39.21875
5.0 39.21875
5.15625 39.21875
5.3125 39.21875
5.46875 39.21875
5.625 39.21875
5.78125 39.21875
5.9375 39.21875
6.09375 39.21875
3.28125 39.0625
3.4375 39.0625
3.59375 39.0625
3.75 39.0625
3.90625 39.0625
4.0625 39.0625
4.21875 39.0625
4.375 39.0625
4.53125 39.0625
4.6875 39.0625
4.84375 39.0625
5.0 39.0625
5.15625 39.0625
5.3125 39.0625
5.46875 39.0625
5.625 39.0625
5.78125 39.0625
5.9375 39.0625
6.09375 39.0625
3.28125 38.90625
3.4375 38.90625
3.59375 38.90625
3.75 38.90625
3.90625 38.90625
4.0625 38.90625
4.21875 38.90625
4.375 38.90625
4.53125 38.90625
4.6875 38.90625
4.84375 38.90625
5.0 38.90625
5.15625 38.90625
5.3125 38.90625
5.46875 38.90625
5.625 38.90625
5.78125 38.90625
5.9375 38.90625
6.09375 38.90625
3.28125 38.75
3.4375 38.75
3.59375 38.75
3.75 38.75
3.90625 38.75
4.0625 38.75
4.21875 38.75
4.375 38.75
4.53125 38.75
4.6875 38.75
4.84375 38.75
5.0 38.75
5.15625 38.75
5.3125 38.75
5.46875 38.75
5.625 38.75
5.78125 38.75
5.9375 38.75
6.09375 38.75
3.28125 38.59375
3.4375 38.59375
3.59375 38.59375
3.75 38.59375
3.90625 38.59375
4.0625 38.59375
4.21875 38.59375
4.375 38.59375
4.53125 38.59375
4.6875 38.59375
4.84375 38.59375
5.0 38.59375
5.15625 38.59375
5.3125 38.59375
5.46875 38.59375
5.625 38.59375
5.78125 38.59375
5.9375 38.59375
6.09375 38.59375
3.28125 38.4375
3.4375 38.4375
3.59375 38.4375
3.75 38.4375
3.90625 38.4375
4.0625 38.4375
4.21875 38.4375
4.375 38.4375
4.53125 38.4375
4.6875 38.4375
4.84375 38.4375
5.0 38.4375
5.15625 38.4375
5.3125 38.4375
5.46875 38.4375
5.625 38.4375
5.78125 38.4375
5.9375 38.4375
6.09375 38.4375
3.28125 38.28125
3.4375 38.28125
3.59375 38.28125
3.75 38.28125
3.90625 38.28125
4.0625 38.28125
4.21875 38.28125
4.375 38.28125
4.53125 38.28125
4.6875 38.28125
4.84375 38.28125
5.0 38.28125
5.15625 38.28125
5.3125 38.28125
5.46875 38.28125
5.625 38.28125
5.78125 38.28125
5.9375 38.28125
6.09375 38.28125
3.28125 38.125
3.4375 38.125
3.59375 38.125
3.75 38.125
3.90625 38.125
4.0625 38.125
4.21875 38.125
4.375 38.125
4.53125 38.125
4.6875 38.125
4.84375 38.125
5.0 38.125
5.15625 38.125
5.3125 38.125
5.46875 38.125
5.625 38.125
5.78125 38.125
5.9375 38.125
6.09375 38.125
3.28125 37.96875
3.4375 37.96875
3.59375 37.96875
3.75 37.96875
3.90625 37.96875
4.0625 37.96875
4.21875 37.96875
4.375 37.96875
4.53125 37.96875
4.6875 37.96875
4.84375 37.96875
5.0 37.96875
5.15625 37.96875
5.3125 37.96875
5.46875 37.96875
5.625 37.96875
5.78125 37.96875
5.9375 37.96875
6.09375 37.96875
3.125 37.8125
3.28125 37.8125
3.4375 37.8125
3.59375 37.8125
3.75 37.8125
3.90625 37.8125
4.0625 37.8125
4.21875 37.8125
4.375 37.8125
4.53125 37.8125
4.6875 37.8125
4.84375 37.8125
5.0 37.8125
5.15625 37.8125
5.3125 37.8125
5.46875 37.8125
5.625 37.8125
5.78125 37.8125
5.9375 37.8125
6.09375 37.8125
3.125 37.65625
3.28125 37.65625
3.4375 37.65625
3.59375 37.65625
3.75 37.65625
3.90625 37.65625
4.0625 37.65625
4.21875 37.65625
4.375 37.65625
4.53125 37.65625
4.6875 37.65625
4.84375 37.65625
5.0 37.65625
5.15625 37.65625
5.3125 37.65625
5.46875 37.65625
5.625 37.65625
5.78125 37.65625
5.9375 37.65625
6.09375 37.65625
3.125 37.5
3.28125 37.5
3.4375 37.5
3.59375 37.5
3.75 37.5
3.90625 37.5
4.0625 37.5
4.21875 37.5
4.375 37.5
4.53125 37.5
4.6875 37.5
4.84375 37.5
5.0 37.5
5.15625 37.5
5.3125 37.5
5.46875 37.5
5.625 37.5
5.78125 37.5
5.9375 37.5
6.09375 37.5
3.125 37.34375
3.28125 37.34375
3.4375 37.34375
3.59375 37.34375
3.75 37.34375
3.90625 37.34375
4.0625 37.34375
4.21875 37.34375
4.375 37.34375
4.53125 37.34375
4.6875 37.34375
4.84375 37.34375
5.0 37.34375
5.15625 37.34375
5.3125 37.34375
5.46875 37.34375
5.625 37.34375
5.78125 37.34375
5.9375 37.34375
6.09375 37.34375
3.125 37.1875
3.28125 37.1875
3.4375 37.1875
3.59375 37.1875
3.75 37.1875
3.90625 37.1875
4.0625 37.1875
4.21875 37.1875
4.375 37.1875
4.53125 37.1875
4.6875 37.1875
4.84375 37.1875
5.0 37.1875
5.15625 37.1875
5.3125 37.1875
5.46875 37.1875
5.625 37.1875
5.78125 37.1875
5.9375 37.1875
6.09375 37.1875
3.125 37.03125
3.28125 37.03125
3.4375 37.03125
3.59375 37.03125
3.75 37.03125
3.90625 37.03125
4.0625 37.03125
4.21875 37.03125
4.375 37.03125
4.53125 37.03125
4.6875 37.03125
4.84375 37.03125
5.0 37.03125
5.15625 37.03125
5.3125 37.03125
5.46875 37.03125
5.625 37.03125
5.78125 37.03125
5.9375 37.03125
6.09375 37.03125
6.25 37.03125
3.125 36.875
3.28125 36.875
3.4375 36.875
3.59375 36.875
3.75 36.875
3.90625 36.875
4.0625 36.875
4.21875 36.875
4.375 36.875
4.53125 36.875
4.6875 36.875
4.84375 36.875
5.0 36.875
5.15625 36.875
5.3125 36.875
5.46875 36.875
5.625 36.875
5.78125 36.875
5.9375 36.875
6.09375 36.875
6.25 36.875
3.125 36.71875
3.28125 36.71875
3.4375 36.71875
3.59375 36.71875
3.75 36.71875
3.90625 36.71875
4.0625 36.71875
4.21875 36.71875
4.375 36.71875
4.53125 36.71875
4.6875 36.71875
4.84375 36.71875
5.0 36.71875
5.15625 36.71875
5.3125 36.71875
5.46875 36.71875
5.625 36.71875
5.78125 36.71875
5.9375 36.71875
6.09375 36.71875
6.25 36.71875
6.40625 36.71875
6.5625 36.71875
3.125 36.5625
3.28125 36.5625
3.4375 36.5625
3.59375 36.5625
3.75 36.5625
3.90625 36.5625
4.0625 36.5625
4.21875 36.5625
4.375 36.5625
4.53125 36.5625
4.6875 36.5625
4.84375 36.5625
5.0 36.5625
5.15625 36.5625
5.3125 36.5625
5.46875 36.5625
5.625 36.5625
5.78125 36.5625
5.9375 36.5625
6.09375 36.5625
6.25 36.5625
6.40625 36.5625
6.5625 36.5625
3.125 36.40625
3.28125 36.40625
3.4375 36.40625
3.59375 36.40625
3.75 36.40625
3.90625 36.40625
4.0625 36.40625
4.21875 36.40625
4.375 36.40625
4.53125 36.40625
4.6875 36.40625
4.84375 36.40625
5.0 36.40625
5.15625 36.40625
5.3125 36.40625
5.46875 36.40625
5.625 36.40625
5.78125 36.40625
5.9375 36.40625
6.09375 36.40625
6.25 36.40625
6.40625 36.40625
6.5625 36.40625
3.125 36.25
3.28125 36.25
3.4375 36.25
3.59375 36.25
3.75 36.25
3.90625 36.25
4.0625 36.25
4.21875 36.25
4.375 36.25
4.53125 36.25
4.6875 36.25
4.84375 36.25
5.0 36.25
5.15625 36.25
5.3125 36.25
5.46875 36.25
5.625 36.25
5.78125 36.25
5.9375 36.25
6.09375 36.25
6.25 36.25
6.40625 36.25
6.5625 36.25
3.125 36.09375
3.28125 36.09375
3.4375 36.09375
3.59375 36.09375
3.75 36.09375
3.90625 36.09375
4.0625 36.09375
4.21875 36.09375
4.375 36.09375
4.53125 36.09375
4.6875 36.09375
4.84375 36.09375
5.0 36.09375
5.15625 36.09375
5.3125 36.09375
5.46875 36.09375
5.625 36.09375
5.78125 36.09375
5.9375 36.09375
6.09375 36.09375
6.25 36.09375
6.40625 36.09375
6.5625 36.09375
3.125 35.9375
3.28125 35.9375
3.4375 35.9375
3.59375 35.9375
3.75 35.9375
3.90625 35.9375
4.0625 35.9375
4.21875 35.9375
4.375 35.9375
4.53125 35.9375
4.6875 35.9375
4.84375 35.9375
5.0 35.9375
5.15625 35.9375
5.3125 35.9375
5.46875 35.9375
5.625 35.9375
5.78125 35.9375
5.9375 35.9375
6.09375 35.9375
6.25 35.9375
6.40625 35.9375
6.5625 35.9375
3.125 35.78125
3.28125 35.78125
3.4375 35.78125
3.59375 35.78125
3.75 35.78125
3.90625 35.78125
4.0625 35.78125
4.21875 35.78125
4.375 35.78125
4.53125 35.78125
4.6875 35.78125
4.84375 35.78125
5.0 35.78125
5.15625 35.78125
5.3125 35.78125
5.46875 35.78125
5.625 35.78125
5.78125 35.78125
5.9375 35.78125
6.09375 35.78125
6.25 35.78125
6.40625 35.78125
6.5625 35.78125
3.125 35.625
3.28125 35.625
3.4375 35.625
3.59375 35.625
3.75 35.625
3.90625 35.625
4.0625 35.625
4.21875 35.625
4.375 35.625
4.53125 35.625
4.6875 35.625
4.84375 35.625
5.0 35.625
5.15625 35.625
5.3125 35.625
5.46875 35.625
5.625 35.625
5.78125 35.625
5.9375 35.625
6.09375 35.625
6.25 35.625
6.40625 35.625
6.5625 35.625
3.125 35.46875
3.28125 35.46875
3.4375 35.46875
3.59375 35.46875
3.75 35.46875
3.90625 35.46875
4.0625 35.46875
4.21875 35.46875
4.375 35.46875
4.53125 35.46875
4.6875 35.46875
4.84375 35.46875
5.0 35.46875
5.15625 35.46875
5.3125 35.46875
5.46875 35.46875
5.625 35.46875
5.78125 35.46875
5.9375 35.46875
6.09375 35.46875
6.25 35.46875
6.40625 35.46875
6.5625 35.46875
3.125 35.3125
3.28125 35.3125
3.4375 35.3125
3.59375 35.3125
3.75 35.3125
3.90625 35.3125
4.0625 35.3125
4.21875 35.3125
4.375 35.3125
4.53125 35.3125
4.6875 35.3125
4.84375 35.3125
5.0 35.3125
5.15625 35.3125
5.3125 35.3125
5.46875 35.3125
5.625 35.3125
5.78125 35.3125
5.9375 35.3125
6.09375 35.3125
6.25 35.3125
6.40625 35.3125
6.5625 35.3125
3.125 35.15625
3.28125 35.15625
3.4375 35.15625
3.59375 35.15625
3.75 35.15625
3.90625 35.15625
4.0625 35.15625
4.21875 35.15625
4.375 35.15625
4.53125 35.15625
4.6875 35.15625
4.84375 35.15625
5.0 35.15625
5.15625 35.15625
5.3125 35.15625
5.46875 35.15625
5.625 35.15625
5.78125 35.15625
5.9375 35.15625
6.09375 35.15625
6.25 35.15625
6.40625 35.15625
6.5625 35.15625
3.125 35.0
3.28125 35.0
3.4375 35.0
3.59375 35.0
3.75 35.0
3.90625 35.0
4.0625 35.0
4.21875 35.0
4.375 35.0
4.53125 35.0
4.6875 35.0
4.84375 35.0
5.0 35.0
5.15625 35.0
5.3125 35.0
5.46875 35.0
5.625 35.0
5.78125 35.0
5.9375 35.0
6.09375 35.0
6.25 35.0
6.40625 35.0
6.5625 35.0
3.125 34.84375
3.28125 34.84375
3.4375 34.84375
3.59375 34.84375
3.75 34.84375
3.90625 34.84375
4.0625 34.84375
4.21875 34.84375
4.375 34.84375
4.53125 34.84375
4.6875 34.84375
4.84375 34.84375
5.0 34.84375
5.15625 34.84375
5.3125 34.84375
5.46875 34.84375
5.625 34.84375
5.78125 34.84375
5.9375 34.84375
6.09375 34.84375
6.25 34.84375
6.40625 34.84375
6.5625 34.84375
3.125 34.6875
3.28125 34.6875
3.4375 34.6875
3.59375 34.6875
3.75 34.6875
3.90625 34.6875
4.0625 34.6875
4.21875 34.6875
4.375 34.6875
4.53125 34.6875
4.6875 34.6875
4.84375 34.6875
5.0 34.6875
5.15625 34.6875
5.3125 34.6875
5.46875 34.6875
5.625 34.6875
5.78125 34.6875
5.9375 34.6875
6.09375 34.6875
6.25 34.6875
6.40625 34.6875
6.5625 34.6875
3.125 34.53125
3.28125 34.53125
3.4375 34.53125
3.59375 34.53125
3.75 34.53125
3.90625 34.53125
4.0625 34.53125
4.21875 34.53125
4.375 34.53125
4.53125 34.53125
4.6875 34.53125
4.84375 34.53125
5.0 34.53125
5.15625 34.53125
5.3125 34.53125
5.46875 34.53125
5.625 34.53125
5.78125 34.53125
5.9375 34.53125
6.09375 34.53125
6.25 34.53125
6.40625 34.53125
6.5625 34.53125
3.125 34.375
3.28125 34.375
3.4375 34.375
3.59375 34.375
3.75 34.375
3.90625 34.375
4.0625 34.375
4.21875 34.375
4.375 34.375
4.53125 34.375
4.6875 34.375
4.84375 34.375
5.0 34.375
5.15625 34.375
5.3125 34.375
5.46875 34.375
5.625 34.375
5.78125 34.375
5.9375 34.375
6.09375 34.375
6.25 34.375
6.40625 34.375
6.5625 34.375
3.125 34.21875
3.28125 34.21875
3.4375 34.21875
3.59375 34.21875
3.75 34.21875
3.90625 34.21875
4.0625 34.21875
4.21875 34.21875
4.375 34.21875
4.53125 34.21875
4.6875 34.21875
4.84375 34.21875
5.0 34.21875
5.15625 34.21875
5.3125 34.21875
5.46875 34.21875
5.625 34.21875
5.78125 34.21875
5.9375 34.21875
6.09375 34.21875
6.25 34.21875
6.40625 34.21875
6.5625 34.21875
3.125 34.0625
3.28125 34.0625
3.4375 34.0625
3.59375 34.0625
3.75 34.0625
3.90625 34.0625
4.0625 34.0625
4.21875 34.0625
4.375 34.0625
4.53125 34.0625
4.6875 34.0625
4.84375 34.0625
5.0 34.0625
5.15625 34.0625
5.3125 34.0625
5.46875 34.0625
5.625 34.0625
5.78125 34.0625
5.9375 34.0625
6.09375 34.0625
6.25 34.0625
6.40625 34.0625
6.5625 34.0625
3.125 33.90625
3.28125 33.90625
3.4375 33.90625
3.59375 33.90625
3.75 33.90625
3.90625 33.90625
4.0625 33.90625
4.21875 33.90625
4.375 33.90625
4.53125 33.90625
4.6875 33.90625
4.84375 33.90625
5.0 33.90625
5.15625 33.90625
5.3125 33.90625
5.46875 33.90625
5.625 33.90625
5.78125 33.90625
5.9375 33.90625
6.09375 33.90625
6.25 33.90625
6.5625 33.90625
2.96875 33.75
3.125 33.75
3.28125 33.75
3.4375 33.75
3.59375 33.75
3.75 33.75
3.90625 33.75
4.0625 33.75
4.21875 33.75
4.375 33.75
4.53125 33.75
4.6875 33.75
4.84375 33.75
5.0 33.75
5.15625 33.75
5.3125 33.75
5.46875 33.75
5.625 33.75
5.78125 33.75
5.9375 33.75
6.09375 33.75
6.25 33.75
6.5625 33.75
2.96875 33.59375
3.125 33.59375
3.28125 33.59375
3.4375 33.59375
3.59375 33.59375
3.75 33.59375
3.90625 33.59375
4.0625 33.59375
4.21875 33.59375
4.375 33.59375
4.53125 33.59375
4.6875 33.59375
4.84375 33.59375
5.0 33.59375
5.15625 33.59375
5.3125 33.59375
5.46875 33.59375
5.625 33.59375
5.78125 33.59375
5.9375 33.59375
6.5625 33.59375
2.96875 33.4375
3.125 33.4375
3.28125 33.4375
3.4375 33.4375
3.59375 33.4375
3.75 33.4375
3.90625 33.4375
4.0625 33.4375
4.21875 33.4375
4.375 33.4375
4.53125 33.4375
4.6875 33.4375
4.84375 33.4375
5.0 33.4375
5.15625 33.4375
5.3125 33.4375
5.46875 33.4375
5.625 33.4375
5.78125 33.4375
5.9375 33.4375
6.5625 33.4375
2.96875 33.28125
3.125 33.28125
3.28125 33.28125
3.4375 33.28125
3.59375 33.28125
3.75 33.28125
3.90625 33.28125
4.0625 33.28125
4.21875 33.28125
4.375 33.28125
4.53125 33.28125
4.6875 33.28125
4.84375 33.28125
5.0 33.28125
5.15625 33.28125
5.3125 33.28125
5.46875 33.28125
5.625 33.28125
5.78125 33.28125
5.9375 33.28125
6.5625 33.28125
2.96875 33.125
3.125 33.125
3.28125 33.125
3.4375 33.125
3.59375 33.125
3.75 33.125
3.90625 33.125
4.0625 33.125
4.21875 33.125
4.375 33.125
4.53125 33.125
4.6875 33.125
4.84375 33.125
5.0 33.125
5.15625 33.125
5.3125 33.125
5.46875 33.125
5.625 33.125
5.78125 33.125
5.9375 33.125
6.5625 33.125
2.96875 32.96875
3.125 32.96875
3.28125 32.96875
3.4375 32.96875
3.59375 32.96875
3.75 32.96875
3.90625 32.96875
4.0625 32.96875
4.21875 32.96875
4.375 32.96875
4.53125 32.96875
4.6875 32.96875
4.84375 32.96875
5.0 32.96875
5.15625 32.96875
5.3125 32.96875
5.46875 32.96875
5.625 32.96875
5.78125 32.96875
5.9375 32.96875
6.5625 32.96875
2.96875 32.8125
3.125 32.8125
3.28125 32.8125
3.4375 32.8125
3.59375 32.8125
3.75 32.8125
3.90625 32.8125
4.0625 32.8125
4.21875 32.8125
4.375 32.8125
4.53125 32.8125
4.6875 32.8125
4.84375 32.8125
5.0 32.8125
5.15625 32.8125
5.3125 32.8125
5.46875 32.8125
6.5625 32.8125
2.96875 32.65625
3.125 32.65625
3.28125 32.65625
3.4375 32.65625
3.59375 32.65625
3.75 32.65625
3.90625 32.65625
4.0625 32.65625
4.21875 32.65625
4.375 32.65625
4.53125 32.65625
4.6875 32.65625
4.84375 32.65625
5.0 32.65625
5.15625 32.65625
5.3125 32.65625
5.46875 32.65625
2.96875 32.5
3.125 32.5
3.28125 32.5
3.4375 32.5
3.59375 32.5
3.75 32.5
3.90625 32.5
4.0625 32.5
4.21875 32.5
4.375 32.5
4.53125 32.5
4.6875 32.5
4.84375 32.5
5.0 32.5
5.15625 32.5
5.3125 32.5
5.46875 32.5
2.96875 32.34375
3.125 32.34375
3.28125 32.34375
3.4375 32.34375
3.59375 32.34375
3.75 32.34375
3.90625 32.34375
4.0625 32.34375
4.21875 32.34375
4.375 32.34375
4.53125 32.34375
4.6875 32.34375
4.84375 32.34375
5.0 32.34375
5.15625 32.34375
5.3125 32.34375
5.46875 32.34375
2.96875 32.1875
3.125 32.1875
3.28125 32.1875
3.4375 32.1875
3.59375 32.1875
3.75 32.1875
3.90625 32.1875
4.0625 32.1875
4.21875 32.1875
4.375 32.1875
4.53125 32.1875
4.6875 32.1875
4.84375 32.1875
5.0 32.1875
5.15625 32.1875
5.3125 32.1875
5.46875 32.1875
2.96875 32.03125
3.125 32.03125
3.28125 32.03125
3.4375 32.03125
3.59375 32.03125
3.75 32.03125
3.90625 32.03125
4.0625 32.03125
4.21875 32.03125
4.375 32.03125
4.53125 32.03125
4.6875 32.03125
4.84375 32.03125
5.0 32.03125
5.15625 32.03125
5.3125 32.03125
5.46875 32.03125
2.96875 31.875
3.125 31.875
3.28125 31.875
3.4375 31.875
3.59375 31.875
3.75 31.875
3.90625 31.875
4.0625 31.875
4.21875 31.875
4.375 31.875
4.53125 31.875
4.6875 31.875
4.84375 31.875
5.0 31.875
5.15625 31.875
5.3125 31.875
5.46875 31.875
2.96875 31.71875
3.125 31.71875
3.28125 31.71875
3.4375 31.71875
3.59375 31.71875
3.75 31.71875
3.90625 31.71875
4.0625 31.71875
4.21875 31.71875
4.375 31.71875
4.53125 31.71875
4.6875 31.71875
4.84375 31.71875
5.0 31.71875
5.15625 31.71875
5.3125 31.71875
5.46875 31.71875
2.96875 31.5625
3.125 31.5625
3.28125 31.5625
3.4375 31.5625
3.59375 31.5625
3.75 31.5625
3.90625 31.5625
4.0625 31.5625
4.21875 31.5625
4.375 31.5625
4.53125 31.5625
4.6875 31.5625
4.84375 31.5625
5.0 31.5625
5.15625 31.5625
5.3125 31.5625
5.46875 31.5625
2.96875 31.40625
3.125 31.40625
3.28125 31.40625
3.4375 31.40625
3.59375 31.40625
3.75 31.40625
3.90625 31.40625
4.0625 31.40625
4.21875 31.40625
4.375 31.40625
4.53125 31.40625
4.6875 31.40625
4.84375 31.40625
5.0 31.40625
5.15625 31.40625
5.3125 31.40625
5.46875 31.40625
2.96875 31.25
3.125 31.25
3.28125 31.25
3.4375 31.25
3.59375 31.25
3.75 31.25
3.90625 31.25
4.0625 31.25
4.21875 31.25
4.375 31.25
4.53125 31.25
4.6875 31.25
4.84375 31.25
5.0 31.25
5.15625 31.25
5.3125 31.25
5.46875 31.25
2.96875 31.09375
3.125 31.09375
3.28125 31.09375
3.4375 31.09375
3.59375 31.09375
3.75 31.09375
3.90625 31.09375
4.0625 31.09375
4.21875 31.09375
4.375 31.09375
4.53125 31.09375
4.6875 31.09375
4.84375 31.09375
5.0 31.09375
5.15625 31.09375
5.3125 31.09375
5.46875 31.09375
2.96875 30.9375
3.125 30.9375
3.28125 30.9375
3.4375 30.9375
3.59375 30.9375
3.75 30.9375
3.90625 30.9375
4.0625 30.9375
4.21875 30.9375
4.375 30.9375
4.53125 30.9375
4.6875 30.9375
4.84375 30.9375
5.0 30.9375
5.15625 30.9375
5.3125 30.9375
5.46875 30.9375
2.96875 30.78125
3.125 30.78125
3.28125 30.78125
3.4375 30.78125
3.59375 30.78125
3.75 30.78125
3.90625 30.78125
4.0625 30.78125
4.21875 30.78125
4.375 30.78125
4.53125 30.78125
4.6875 30.78125
4.84375 30.78125
5.0 30.78125
5.15625 30.78125
5.3125 30.78125
5.46875 30.78125
2.96875 30.625
3.125 30.625
3.28125 30.625
3.4375 30.625
3.59375 30.625
3.75 30.625
3.90625 30.625
4.0625 30.625
4.21875 30.625
4.375 30.625
4.53125 30.625
4.6875 30.625
4.84375 30.625
5.0 30.625
5.15625 30.625
5.3125 30.625
2.96875 30.46875
3.125 30.46875
3.28125 30.46875
3.4375 30.46875
3.59375 30.46875
3.75 30.46875
3.90625 30.46875
4.0625 30.46875
4.21875 30.46875
4.375 30.46875
4.53125 30.46875
4.6875 30.46875
4.84375 30.46875
5.0 30.46875
5.15625 30.46875
5.3125 30.46875
2.96875 30.3125
3.125 30.3125
3.28125 30.3125
3.4375 30.3125
3.59375 30.3125
3.75 30.3125
3.90625 30.3125
4.0625 30.3125
4.21875 30.3125
4.375 30.3125
4.53125 30.3125
4.6875 30.3125
4.84375 30.3125
5.0 30.3125
5.15625 30.3125
5.3125 30.3125
2.96875 30.15625
3.125 30.15625
3.28125 30.15625
3.4375 30.15625
3.59375 30.15625
3.75 30.15625
3.90625 30.15625
4.0625 30.15625
4.21875 30.15625
4.375 30.15625
4.53125 30.15625
4.6875 30.15625
4.84375 30.15625
5.0 30.15625
5.15625 30.15625
5.3125 30.15625
2.96875 30.0
3.125 30.0
3.28125 30.0
3.4375 30.0
3.59375 30.0
3.75 30.0
3.90625 30.0
4.0625 30.0
4.21875 30.0
4.375 30.0
4.53125 30.0
4.6875 30.0
4.84375 30.0
5.0 30.0
5.15625 30.0
5.3125 30.0
2.8125 29.84375
2.96875 29.84375
3.125 29.84375
3.28125 29.84375
3.4375 29.84375
3.59375 29.84375
3.75 29.84375
3.90625 29.84375
4.0625 29.84375
4.21875 29.84375
4.375 29.84375
4.53125 29.84375
4.6875 29.84375
4.84375 29.84375
5.0 29.84375
5.15625 29.84375
5.3125 29.84375
2.8125 29.6875
2.96875 29.6875
3.125 29.6875
3.28125 29.6875
3.4375 29.6875
3.59375 29.6875
3.75 29.6875
3.90625 29.6875
4.0625 29.6875
4.21875 29.6875
4.375 29.6875
4.53125 29.6875
4.6875 29.6875
4.84375 29.6875
5.0 29.6875
5.15625 29.6875
5.3125 29.6875
2.8125 29.53125
2.96875 29.53125
3.125 29.53125
3.28125 29.53125
3.4375 29.53125
3.59375 29.53125
3.75 29.53125
3.90625 29.53125
4.0625 29.53125
4.21875 29.53125
4.375 29.53125
4.53125 29.53125
4.6875 29.53125
4.84375 29.53125
5.0 29.53125
5.15625 29.53125
5.3125 29.53125
2.8125 29.375
2.96875 29.375
3.125 29.375
3.28125 29.375
3.4375 29.375
3.59375 29.375
3.75 29.375
3.90625 29.375
4.0625 29.375
4.21875 29.375
4.375 29.375
4.53125 29.375
4.6875 29.375
4.84375 29.375
5.0 29.375
5.15625 29.375
5.3125 29.375
2.8125 29.21875
2.96875 29.21875
3.125 29.21875
3.28125 29.21875
3.4375 29.21875
3.59375 29.21875
3.75 29.21875
3.90625 29.21875
4.0625 29.21875
4.21875 29.21875
4.375 29.21875
4.53125 29.21875
4.6875 29.21875
4.84375 29.21875
5.0 29.21875
5.15625 29.21875
2.8125 29.0625
2.96875 29.0625
3.125 29.0625
3.28125 29.0625
3.4375 29.0625
3.59375 29.0625
3.75 29.0625
3.90625 29.0625
4.0625 29.0625
4.21875 29.0625
4.375 29.0625
4.53125 29.0625
4.6875 29.0625
4.84375 29.0625
5.0 29.0625
5.15625 29.0625
2.8125 28.90625
2.96875 28.90625
3.125 28.90625
3.28125 28.90625
3.4375 28.90625
3.59375 28.90625
3.75 28.90625
3.90625 28.90625
4.0625 28.90625
4.21875 28.90625
4.375 28.90625
4.53125 28.90625
4.6875 28.90625
4.84375 28.90625
5.0 28.90625
5.15625 28.90625
2.8125 28.75
2.96875 28.75
3.125 28.75
3.28125 28.75
3.4375 28.75
3.59375 28.75
3.75 28.75
3.90625 28.75
4.0625 28.75
4.21875 28.75
4.375 28.75
4.53125 28.75
4.6875 28.75
4.84375 28.75
5.0 28.75
5.15625 28.75
2.8125 28.59375
2.96875 28.59375
3.125 28.59375
3.28125 28.59375
3.4375 28.59375
3.59375 28.59375
3.75 28.59375
3.90625 28.59375
4.0625 28.59375
4.21875 28.59375
4.375 28.59375
4.53125 28.59375
4.6875 28.59375
4.84375 28.59375
5.0 28.59375
5.15625 28.59375
2.8125 28.4375
2.96875 28.4375
3.125 28.4375
3.28125 28.4375
3.4375 28.4375
3.59375 28.4375
3.75 28.4375
3.90625 28.4375
4.0625 28.4375
4.21875 28.4375
4.375 28.4375
4.53125 28.4375
4.6875 28.4375
4.84375 28.4375
5.0 28.4375
2.8125 28.28125
2.96875 28.28125
3.125 28.28125
3.28125 28.28125
3.4375 28.28125
3.59375 28.28125
3.75 28.28125
3.90625 28.28125
4.0625 28.28125
4.21875 28.28125
4.375 28.28125
4.53125 28.28125
4.6875 28.28125
4.84375 28.28125
2.8125 28.125
2.96875 28.125
3.125 28.125
3.28125 28.125
3.4375 28.125
3.59375 28.125
3.75 28.125
3.90625 28.125
4.0625 28.125
4.21875 28.125
4.375 28.125
4.53125 28.125
4.6875 28.125
4.84375 28.125
2.8125 27.96875
2.96875 27.96875
3.125 27.96875
3.28125 27.96875
3.4375 27.96875
3.59375 27.96875
3.75 27.96875
3.90625 27.96875
4.0625 27.96875
4.21875 27.96875
4.375 27.96875
4.53125 27.96875
4.6875 27.96875
4.84375 27.96875
2.8125 27.8125
2.96875 27.8125
3.125 27.8125
3.28125 27.8125
3.4375 27.8125
3.59375 27.8125
3.75 27.8125
3.90625 27.8125
4.0625 27.8125
4.21875 27.8125
4.375 27.8125
4.53125 27.8125
4.6875 27.8125
2.8125 27.65625
2.96875 27.65625
3.125 27.65625
3.28125 27.65625
3.4375 27.65625
3.59375 27.65625
3.75 27.65625
3.90625 27.65625
4.0625 27.65625
4.21875 27.65625
4.375 27.65625
4.53125 27.65625
4.6875 27.65625
2.8125 27.5
2.96875 27.5
3.125 27.5
3.28125 27.5
3.4375 27.5
3.59375 27.5
3.75 27.5
3.90625 27.5
4.0625 27.5
4.21875 27.5
4.375 27.5
4.53125 27.5
2.8125 27.34375
2.96875 27.34375
3.125 27.34375
3.28125 27.34375
3.4375 27.34375
3.59375 27.34375
3.75 27.34375
3.90625 27.34375
4.0625 27.34375
4.21875 27.34375
4.375 27.34375
4.53125 27.34375
2.8125 27.1875
2.96875 27.1875
3.125 27.1875
3.28125 27.1875
3.4375 27.1875
3.59375 27.1875
3.75 27.1875
3.90625 27.1875
4.0625 27.1875
4.21875 27.1875
4.375 27.1875
4.53125 27.1875
2.8125 27.03125
2.96875 27.03125
3.125 27.03125
3.28125 27.03125
3.4375 27.03125
3.59375 27.03125
3.75 27.03125
3.90625 27.03125
4.0625 27.03125
4.53125 27.03125
2.8125 26.875
2.96875 26.875
3.125 26.875
3.28125 26.875
3.4375 26.875
3.59375 26.875
3.75 26.875
3.90625 26.875
4.0625 26.875
2.8125 26.71875
2.96875 26.71875
3.125 26.71875
3.28125 26.71875
3.4375 26.71875
3.59375 26.71875
3.75 26.71875
3.90625 26.71875
4.0625 26.71875
2.8125 26.5625
2.96875 26.5625
3.125 26.5625
3.28125 26.5625
3.4375 26.5625
3.59375 26.5625
3.75 26.5625
3.90625 26.5625
2.8125 26.40625
2.96875 26.40625
3.125 26.40625
3.28125 26.40625
3.4375 26.40625
3.59375 26.40625
3.75 26.40625
3.90625 26.40625
2.8125 26.25
2.96875 26.25
3.125 26.25
3.28125 26.25
3.4375 26.25
3.59375 26.25
3.75 26.25
3.90625 26.25
2.8125 26.09375
2.96875 26.09375
3.125 26.09375
3.28125 26.09375
3.4375 26.09375
3.59375 26.09375
3.75 26.09375
3.90625 26.09375
2.8125 25.9375
2.96875 25.9375
3.125 25.9375
3.28125 25.9375
3.4375 25.9375
3.59375 25.9375
3.75 25.9375
2.65625 25.78125
2.8125 25.78125
2.96875 25.78125
3.125 25.78125
3.28125 25.78125
3.4375 25.78125
3.59375 25.78125
3.75 25.78125
2.65625 25.625
2.8125 25.625
2.96875 25.625
3.125 25.625
3.28125 25.625
3.4375 25.625
3.59375 25.625
3.75 25.625
2.65625 25.46875
2.8125 25.46875
2.96875 25.46875
3.125 25.46875
3.28125 25.46875
3.4375 25.46875
3.59375 25.46875
3.75 25.46875
2.65625 25.3125
2.8125 25.3125
2.96875 25.3125
3.125 25.3125
3.28125 25.3125
3.4375 25.3125
3.59375 25.3125
3.75 25.3125
2.65625 25.15625
2.8125 25.15625
2.96875 25.15625
3.125 25.15625
3.28125 25.15625
3.4375 25.15625
3.59375 25.15625
3.75 25.15625
2.65625 25.0
2.8125 25.0
2.96875 25.0
3.125 25.0
3.28125 25.0
3.4375 25.0
3.59375 25.0
2.65625 24.84375
2.8125 24.84375
2.96875 24.84375
3.125 24.84375
3.28125 24.84375
3.4375 24.84375
3.59375 24.84375
2.65625 24.6875
2.8125 24.6875
2.96875 24.6875
3.125 24.6875
3.28125 24.6875
3.4375 24.6875
3.59375 24.6875
2.65625 24.53125
2.8125 24.53125
2.96875 24.53125
3.125 24.53125
3.28125 24.53125
3.4375 24.53125
3.59375 24.53125
2.65625 24.375
2.8125 24.375
2.96875 24.375
3.125 24.375
3.28125 24.375
3.4375 24.375
3.59375 24.375
2.65625 24.21875
2.8125 24.21875
2.96875 24.21875
3.125 24.21875
3.28125 24.21875
3.4375 24.21875
2.65625 24.0625
2.8125 24.0625
2.96875 24.0625
3.125 24.0625
3.28125 24.0625
3.4375 24.0625
2.65625 23.90625
2.8125 23.90625
2.96875 23.90625
3.125 23.90625
3.28125 23.90625
3.4375 23.90625
2.65625 23.75
2.8125 23.75
2.96875 23.75
3.125 23.75
3.28125 23.75
3.4375 23.75
2.65625 23.59375
2.8125 23.59375
2.96875 23.59375
3.125 23.59375
3.28125 23.59375
3.4375 23.59375
2.65625 23.4375
2.8125 23.4375
2.96875 23.4375
3.125 23.4375
3.28125 23.4375
3.4375 23.4375
2.65625 23.28125
2.8125 23.28125
2.96875 23.28125
3.125 23.28125
3.28125 23.28125
3.4375 23.28125
2.65625 23.125
2.8125 23.125
2.96875 23.125
3.125 23.125
3.28125 23.125
3.4375 23.125
2.65625 22.96875
2.8125 22.96875
2.96875 22.96875
3.125 22.96875
3.28125 22.96875
2.65625 22.8125
2.8125 22.8125
2.96875 22.8125
3.125 22.8125
3.28125 22.8125
2.65625 22.65625
2.8125 22.65625
2.96875 22.65625
3.125 22.65625
3.28125 22.65625
2.65625 22.5
2.8125 22.5
2.96875 22.5
3.125 22.5
3.28125 22.5
2.65625 22.34375
2.8125 22.34375
2.96875 22.34375
3.125 22.34375
3.28125 22.34375
2.65625 22.1875
2.8125 22.1875
2.96875 22.1875
3.125 22.1875
2.65625 22.03125
2.8125 22.03125
2.96875 22.03125
2.5 21.875
2.65625 21.875
2.8125 21.875
2.96875 21.875
2.5 21.71875
2.65625 21.71875
2.8125 21.71875
2.96875 21.71875
2.5 21.5625
2.65625 21.5625
2.8125 21.5625
2.96875 21.5625
2.5 21.40625
2.65625 21.40625
2.8125 21.40625
2.96875 21.40625
2.5 21.25
2.65625 21.25
2.8125 21.25
2.5 21.09375
2.65625 21.09375
2.8125 21.09375
2.5 20.9375
2.65625 20.9375
2.8125 20.9375
2.5 20.78125
2.65625 20.78125
2.8125 20.78125
2.5 20.625
2.65625 20.625
2.8125 20.625
2.5 20.46875
2.65625 20.46875
2.8125 20.46875
2.5 20.3125
2.65625 20.3125
2.8125 20.3125
2.5 20.15625
2.65625 20.15625
2.8125 20.15625
2.5 20.0
2.65625 20.0
2.5 19.84375
2.65625 19.84375
2.5 19.6875
2.5 19.53125
2.5 19.375
2.5 19.21875
2.5 19.0625
