3.75 25.46875
3.90625 25.46875
3.75 25.3125
3.90625 25.3125
4.0625 25.3125
3.75 25.15625
3.90625 25.15625
4.0625 25.15625
4.21875 25.15625
4.375 25.15625
3.75 25.0
3.90625 25.0
4.0625 25.0
4.21875 25.0
4.375 25.0
4.53125 25.0
3.75 24.84375
3.90625 24.84375
4.0625 24.84375
4.21875 24.84375
4.375 24.84375
4.53125 24.84375
4.6875 24.84375
3.75 24.6875
3.90625 24.6875
4.0625 24.6875
4.21875 24.6875
4.375 24.6875
4.53125 24.6875
4.6875 24.6875
3.75 24.53125
3.90625 24.53125
4.0625 24.53125
4.21875 24.53125
4.375 24.53125
4.53125 24.53125
4.6875 24.53125
3.75 24.375
3.90625 24.375
4.0625 24.375
4.21875 24.375
4.375 24.375
4.53125 24.375
4.6875 24.375
3.75 24.21875
3.90625 24.21875
4.0625 24.21875
4.21875 24.21875
4.375 24.21875
4.53125 24.21875
4.6875 24.21875
4.84375 24.21875
5.0 24.21875
3.75 24.0625
3.90625 24.0625
4.0625 24.0625
4.21875 24.0625
4.375 24.0625
4.53125 24.0625
4.6875 24.0625
4.84375 24.0625
5.0 24.0625
5.15625 24.0625
5.3125 24.0625
5.46875 24.0625
5.625 24.0625
3.75 23.90625
3.90625 23.90625
4.0625 23.90625
4.21875 23.90625
4.375 23.90625
4.53125 23.90625
4.6875 23.90625
4.84375 23.90625
5.0 23.90625
5.15625 23.90625
5.3125 23.90625
5.46875 23.90625
5.625 23.90625
3.75 23.75
3.90625 23.75
4.0625 23.75
4.21875 23.75
4.375 23.75
4.53125 23.75
4.6875 23.75
4.84375 23.75
5.0 23.75
5.15625 23.75
5.3125 23.75
5.46875 23.75
5.625 23.75
5.78125 23.75
5.9375 23.75
6.09375 23.75
3.75 23.59375
3.90625 23.59375
4.0625 23.59375
4.21875 23.59375
4.375 23.59375
4.53125 23.59375
4.6875 23.59375
4.84375 23.59375
5.0 23.59375
5.15625 23.59375
5.3125 23.59375
5.46875 23.59375
5.625 23.59375
5.78125 23.59375
5.9375 23.59375
6.09375 23.59375
6.25 23.59375
3.75 23.4375
3.90625 23.4375
4.0625 23.4375
4.21875 23.4375
4.375 23.4375
4.53125 23.4375
4.6875 23.4375
4.84375 23.4375
5.0 23.4375
5.15625 23.4375
5.3125 23.4375
5.46875 23.4375
5.625 23.4375
5.78125 23.4375
5.9375 23.4375
6.09375 23.4375
6.25 23.4375
6.40625 23.4375
3.75 23.28125
3.90625 23.28125
4.0625 23.28125
4.21875 23.28125
4.375 23.28125
4.53125 23.28125
4.6875 23.28125
4.84375 23.28125
5.0 23.28125
5.15625 23.28125
5.3125 23.28125
5.46875 23.28125
5.625 23.28125
5.78125 23.28125
5.9375 23.28125
6.09375 23.28125
6.25 23.28125
6.40625 23.28125
6.5625 23.28125
3.75 23.125
3.90625 23.125
4.0625 23.125
4.21875 23.125
4.375 23.125
4.53125 23.125
4.6875 23.125
4.84375 23.125
5.0 23.125
5.15625 23.125
5.3125 23.125
5.46875 23.125
5.625 23.125
5.78125 23.125
5.9375 23.125
6.09375 23.125
6.25 23.125
6.40625 23.125
6.5625 23.125
6.71875 23.125
6.875 23.125
7.03125 23.125
7.1875 23.125
7.34375 23.125
3.75 22.96875
3.90625 22.96875
4.0625 22.96875
4.21875 22.96875
4.375 22.96875
4.53125 22.96875
4.6875 22.96875
4.84375 22.96875
5.0 22.96875
5.15625 22.96875
5.3125 22.96875
5.46875 22.96875
5.625 22.96875
5.78125 22.96875
5.9375 22.96875
6.09375 22.96875
6.25 22.96875
6.40625 22.96875
6.5625 22.96875
6.71875 22.96875
6.875 22.96875
7.03125 22.96875
7.1875 22.96875
7.34375 22.96875
3.75 22.8125
3.90625 22.8125
4.0625 22.8125
4.21875 22.8125
4.375 22.8125
4.53125 22.8125
4.6875 22.8125
4.84375 22.8125
5.0 22.8125
5.15625 22.8125
5.3125 22.8125
5.46875 22.8125
5.625 22.8125
5.78125 22.8125
5.9375 22.8125
6.09375 22.8125
6.25 22.8125
6.40625 22.8125
6.5625 22.8125
6.71875 22.8125
6.875 22.8125
7.03125 22.8125
7.1875 22.8125
7.34375 22.8125
3.75 22.65625
3.90625 22.65625
4.0625 22.65625
4.21875 22.65625
4.375 22.65625
4.53125 22.65625
4.6875 22.65625
4.84375 22.65625
5.0 22.65625
5.15625 22.65625
5.3125 22.65625
5.46875 22.65625
5.625 22.65625
5.78125 22.65625
5.9375 22.65625
6.09375 22.65625
6.25 22.65625
6.40625 22.65625
6.5625 22.65625
6.71875 22.65625
6.875 22.65625
7.03125 22.65625
7.1875 22.65625
7.34375 22.65625
3.75 22.5
3.90625 22.5
4.0625 22.5
4.21875 22.5
4.375 22.5
4.53125 22.5
4.6875 22.5
4.84375 22.5
5.0 22.5
5.15625 22.5
5.3125 22.5
5.46875 22.5
5.625 22.5
5.78125 22.5
5.9375 22.5
6.09375 22.5
6.25 22.5
6.40625 22.5
6.5625 22.5
6.71875 22.5
6.875 22.5
7.03125 22.5
7.1875 22.5
7.34375 22.5
3.75 22.34375
3.90625 22.34375
4.0625 22.34375
4.21875 22.34375
4.375 22.34375
4.53125 22.34375
4.6875 22.34375
4.84375 22.34375
5.0 22.34375
5.15625 22.34375
5.3125 22.34375
5.46875 22.34375
5.625 22.34375
5.78125 22.34375
5.9375 22.34375
6.09375 22.34375
6.25 22.34375
6.40625 22.34375
6.5625 22.34375
6.71875 22.34375
6.875 22.34375
7.03125 22.34375
7.1875 22.34375
7.34375 22.34375
3.75 22.1875
3.90625 22.1875
4.0625 22.1875
4.21875 22.1875
4.375 22.1875
4.53125 22.1875
4.6875 22.1875
4.84375 22.1875
5.0 22.1875
5.15625 22.1875
5.3125 22.1875
5.46875 22.1875
5.625 22.1875
5.78125 22.1875
5.9375 22.1875
6.09375 22.1875
6.25 22.1875
6.40625 22.1875
6.5625 22.1875
6.71875 22.1875
6.875 22.1875
7.03125 22.1875
7.1875 22.1875
7.34375 22.1875
3.75 22.03125
3.90625 22.03125
4.0625 22.03125
4.21875 22.03125
4.375 22.03125
4.53125 22.03125
4.6875 22.03125
4.84375 22.03125
5.0 22.03125
5.15625 22.03125
5.3125 22.03125
5.46875 22.03125
5.625 22.03125
5.78125 22.03125
5.9375 22.03125
6.09375 22.03125
6.25 22.03125
6.40625 22.03125
6.5625 22.03125
6.71875 22.03125
6.875 22.03125
7.03125 22.03125
7.1875 22.03125
7.34375 22.03125
3.75 21.875
3.90625 21.875
4.0625 21.875
4.21875 21.875
4.375 21.875
4.53125 21.875
4.6875 21.875
4.84375 21.875
5.0 21.875
5.15625 21.875
5.3125 21.875
5.46875 21.875
5.625 21.875
5.78125 21.875
5.9375 21.875
6.09375 21.875
6.25 21.875
6.40625 21.875
6.5625 21.875
6.71875 21.875
6.875 21.875
7.03125 21.875
7.1875 21.875
7.34375 21.875
3.75 21.71875
3.90625 21.71875
4.0625 21.71875
4.21875 21.71875
4.375 21.71875
4.53125 21.71875
4.6875 21.71875
4.84375 21.71875
5.0 21.71875
5.15625 21.71875
5.3125 21.71875
5.46875 21.71875
5.625 21.71875
5.78125 21.71875
5.9375 21.71875
6.09375 21.71875
6.25 21.71875
6.40625 21.71875
6.5625 21.71875
6.71875 21.71875
6.875 21.71875
7.03125 21.71875
7.1875 21.71875
7.34375 21.71875
3.75 21.5625
3.90625 21.5625
4.0625 21.5625
4.21875 21.5625
4.375 21.5625
4.53125 21.5625
4.6875 21.5625
4.84375 21.5625
5.0 21.5625
5.15625 21.5625
5.3125 21.5625
5.46875 21.5625
5.625 21.5625
5.78125 21.5625
5.9375 21.5625
6.09375 21.5625
6.25 21.5625
6.40625 21.5625
6.5625 21.5625
6.71875 21.5625
6.875 21.5625
7.03125 21.5625
7.1875 21.5625
7.34375 21.5625
3.75 21.40625
3.90625 21.40625
4.0625 21.40625
4.21875 21.40625
4.375 21.40625
4.53125 21.40625
4.6875 21.40625
4.84375 21.40625
5.0 21.40625
5.15625 21.40625
5.3125 21.40625
5.46875 21.40625
5.625 21.40625
5.78125 21.40625
5.9375 21.40625
6.09375 21.40625
6.25 21.40625
6.40625 21.40625
6.5625 21.40625
6.71875 21.40625
6.875 21.40625
7.03125 21.40625
7.1875 21.40625
7.34375 21.40625
3.75 21.25
3.90625 21.25
4.0625 21.25
4.21875 21.25
4.375 21.25
4.53125 21.25
4.6875 21.25
4.84375 21.25
5.0 21.25
5.15625 21.25
5.3125 21.25
5.46875 21.25
5.625 21.25
5.78125 21.25
5.9375 21.25
6.09375 21.25
6.25 21.25
6.40625 21.25
6.5625 21.25
6.71875 21.25
6.875 21.25
7.03125 21.25
7.1875 21.25
7.34375 21.25
3.75 21.09375
3.90625 21.09375
4.0625 21.09375
4.21875 21.09375
4.375 21.09375
4.53125 21.09375
4.6875 21.09375
4.84375 21.09375
5.0 21.09375
5.15625 21.09375
5.3125 21.09375
5.46875 21.09375
5.625 21.09375
5.78125 21.09375
5.9375 21.09375
6.09375 21.09375
6.25 21.09375
6.40625 21.09375
6.5625 21.09375
6.71875 21.09375
6.875 21.09375
7.03125 21.09375
7.1875 21.09375
7.34375 21.09375
3.75 20.9375
3.90625 20.9375
4.0625 20.9375
4.21875 20.9375
4.375 20.9375
4.53125 20.9375
4.6875 20.9375
4.84375 20.9375
5.0 20.9375
5.15625 20.9375
5.3125 20.9375
5.46875 20.9375
5.625 20.9375
5.78125 20.9375
5.9375 20.9375
6.09375 20.9375
6.25 20.9375
6.40625 20.9375
6.5625 20.9375
6.71875 20.9375
6.875 20.9375
7.03125 20.9375
7.1875 20.9375
7.34375 20.9375
3.75 20.78125
3.90625 20.78125
4.0625 20.78125
4.21875 20.78125
4.375 20.78125
4.53125 20.78125
4.6875 20.78125
4.84375 20.78125
5.0 20.78125
5.15625 20.78125
5.3125 20.78125
5.46875 20.78125
5.625 20.78125
5.78125 20.78125
5.9375 20.78125
6.09375 20.78125
6.25 20.78125
6.40625 20.78125
6.5625 20.78125
6.71875 20.78125
6.875 20.78125
7.03125 20.78125
7.1875 20.78125
7.34375 20.78125
7.5 20.78125
7.65625 20.78125
7.8125 20.78125
7.96875 20.78125
3.75 20.625
3.90625 20.625
4.0625 20.625
4.21875 20.625
4.375 20.625
4.53125 20.625
4.6875 20.625
4.84375 20.625
5.0 20.625
5.15625 20.625
5.3125 20.625
5.46875 20.625
5.625 20.625
5.78125 20.625
5.9375 20.625
6.09375 20.625
6.25 20.625
6.40625 20.625
6.5625 20.625
6.71875 20.625
6.875 20.625
7.03125 20.625
7.1875 20.625
7.34375 20.625
7.5 20.625
7.65625 20.625
7.8125 20.625
7.96875 20.625
3.75 20.46875
3.90625 20.46875
4.0625 20.46875
4.21875 20.46875
4.375 20.46875
4.53125 20.46875
4.6875 20.46875
4.84375 20.46875
5.0 20.46875
5.15625 20.46875
5.3125 20.46875
5.46875 20.46875
5.625 20.46875
5.78125 20.46875
5.9375 20.46875
6.09375 20.46875
6.25 20.46875
6.40625 20.46875
6.5625 20.46875
6.71875 20.46875
6.875 20.46875
7.03125 20.46875
7.1875 20.46875
7.34375 20.46875
7.5 20.46875
7.65625 20.46875
7.8125 20.46875
7.96875 20.46875
3.75 20.3125
3.90625 20.3125
4.0625 20.3125
4.21875 20.3125
4.375 20.3125
4.53125 20.3125
4.6875 20.3125
4.84375 20.3125
5.0 20.3125
5.15625 20.3125
5.3125 20.3125
5.46875 20.3125
5.625 20.3125
5.78125 20.3125
5.9375 20.3125
6.09375 20.3125
6.25 20.3125
6.40625 20.3125
6.5625 20.3125
6.71875 20.3125
6.875 20.3125
7.03125 20.3125
7.1875 20.3125
7.34375 20.3125
7.5 20.3125
7.65625 20.3125
7.8125 20.3125
7.96875 20.3125
3.75 20.15625
3.90625 20.15625
4.0625 20.15625
4.21875 20.15625
4.375 20.15625
4.53125 20.15625
4.6875 20.15625
4.84375 20.15625
5.0 20.15625
5.15625 20.15625
5.3125 20.15625
5.46875 20.15625
5.625 20.15625
5.78125 20.15625
5.9375 20.15625
6.09375 20.15625
6.25 20.15625
6.40625 20.15625
6.5625 20.15625
6.71875 20.15625
6.875 20.15625
7.03125 20.15625
7.1875 20.15625
7.34375 20.15625
7.5 20.15625
7.65625 20.15625
7.8125 20.15625
7.96875 20.15625
3.75 20.0
3.90625 20.0
4.0625 20.0
4.21875 20.0
4.375 20.0
4.53125 20.0
4.6875 20.0
4.84375 20.0
5.0 20.0
5.15625 20.0
5.3125 20.0
5.46875 20.0
5.625 20.0
5.78125 20.0
5.9375 20.0
6.09375 20.0
6.25 20.0
6.40625 20.0
6.5625 20.0
6.71875 20.0
6.875 20.0
7.03125 20.0
7.1875 20.0
7.34375 20.0
7.5 20.0
7.65625 20.0
7.8125 20.0
7.96875 20.0
8.125 20.0
8.28125 20.0
8.4375 20.0
8.59375 20.0
8.75 20.0
3.90625 19.84375
4.0625 19.84375
4.21875 19.84375
4.375 19.84375
4.53125 19.84375
4.6875 19.84375
4.84375 19.84375
5.0 19.84375
5.15625 19.84375
5.3125 19.84375
5.46875 19.84375
5.625 19.84375
5.78125 19.84375
5.9375 19.84375
6.09375 19.84375
6.25 19.84375
6.40625 19.84375
6.5625 19.84375
6.71875 19.84375
6.875 19.84375
7.03125 19.84375
7.1875 19.84375
7.34375 19.84375
7.5 19.84375
7.65625 19.84375
7.8125 19.84375
7.96875 19.84375
8.125 19.84375
8.28125 19.84375
8.4375 19.84375
8.59375 19.84375
8.75 19.84375
3.90625 19.6875
4.0625 19.6875
4.21875 19.6875
4.375 19.6875
4.53125 19.6875
4.6875 19.6875
4.84375 19.6875
5.0 19.6875
5.15625 19.6875
5.3125 19.6875
5.46875 19.6875
5.625 19.6875
5.78125 19.6875
5.9375 19.6875
6.09375 19.6875
6.25 19.6875
6.40625 19.6875
6.5625 19.6875
6.71875 19.6875
6.875 19.6875
7.03125 19.6875
7.1875 19.6875
7.34375 19.6875
7.5 19.6875
7.65625 19.6875
7.8125 19.6875
7.96875 19.6875
8.125 19.6875
8.28125 19.6875
8.4375 19.6875
8.59375 19.6875
8.75 19.6875
3.90625 19.53125
4.0625 19.53125
4.21875 19.53125
4.375 19.53125
4.53125 19.53125
4.6875 19.53125
4.84375 19.53125
5.0 19.53125
5.15625 19.53125
5.3125 19.53125
5.46875 19.53125
5.625 19.53125
5.78125 19.53125
5.9375 19.53125
6.09375 19.53125
6.25 19.53125
6.40625 19.53125
6.5625 19.53125
6.71875 19.53125
6.875 19.53125
7.03125 19.53125
7.1875 19.53125
7.34375 19.53125
7.5 19.53125
7.65625 19.53125
7.8125 19.53125
7.96875 19.53125
8.125 19.53125
8.28125 19.53125
8.4375 19.53125
8.59375 19.53125
8.75 19.53125
3.90625 19.375
4.0625 19.375
4.21875 19.375
4.375 19.375
4.53125 19.375
4.6875 19.375
4.84375 19.375
5.0 19.375
5.15625 19.375
5.3125 19.375
5.46875 19.375
5.625 19.375
5.78125 19.375
5.9375 19.375
6.09375 19.375
6.25 19.375
6.40625 19.375
6.5625 19.375
6.71875 19.375
6.875 19.375
7.03125 19.375
7.1875 19.375
7.34375 19.375
7.5 19.375
7.65625 19.375
7.8125 19.375
7.96875 19.375
8.125 19.375
8.28125 19.375
8.4375 19.375
8.59375 19.375
8.75 19.375
3.90625 19.21875
4.0625 19.21875
4.21875 19.21875
4.375 19.21875
4.53125 19.21875
4.6875 19.21875
4.84375 19.21875
5.0 19.21875
5.15625 19.21875
5.3125 19.21875
5.46875 19.21875
5.625 19.21875
5.78125 19.21875
5.9375 19.21875
6.09375 19.21875
6.25 19.21875
6.40625 19.21875
6.5625 19.21875
6.71875 19.21875
6.875 19.21875
7.03125 19.21875
7.1875 19.21875
7.34375 19.21875
7.5 19.21875
7.65625 19.21875
7.8125 19.21875
7.96875 19.21875
8.125 19.21875
8.28125 19.21875
8.4375 19.21875
8.59375 19.21875
8.75 19.21875
3.90625 19.0625
4.0625 19.0625
4.21875 19.0625
4.375 19.0625
4.53125 19.0625
4.6875 19.0625
4.84375 19.0625
5.0 19.0625
5.15625 19.0625
5.3125 19.0625
5.46875 19.0625
5.625 19.0625
5.78125 19.0625
5.9375 19.0625
6.09375 19.0625
6.25 19.0625
6.40625 19.0625
6.5625 19.0625
6.71875 19.0625
6.875 19.0625
7.03125 19.0625
7.1875 19.0625
7.34375 19.0625
7.5 19.0625
7.65625 19.0625
7.8125 19.0625
7.96875 19.0625
8.125 19.0625
8.28125 19.0625
8.4375 19.0625
8.59375 19.0625
8.75 19.0625
3.90625 18.90625
4.0625 18.90625
4.21875 18.90625
4.375 18.90625
4.53125 18.90625
4.6875 18.90625
4.84375 18.90625
5.0 18.90625
5.15625 18.90625
5.3125 18.90625
5.46875 18.90625
5.625 18.90625
5.78125 18.90625
5.9375 18.90625
6.09375 18.90625
6.25 18.90625
6.40625 18.90625
6.5625 18.90625
6.71875 18.90625
6.875 18.90625
7.03125 18.90625
7.1875 18.90625
7.34375 18.90625
7.5 18.90625
7.65625 18.90625
7.8125 18.90625
7.96875 18.90625
8.125 18.90625
8.28125 18.90625
8.4375 18.90625
8.59375 18.90625
8.75 18.90625
3.90625 18.75
4.0625 18.75
4.21875 18.75
4.375 18.75
4.53125 18.75
4.6875 18.75
4.84375 18.75
5.0 18.75
5.15625 18.75
5.3125 18.75
5.46875 18.75
5.625 18.75
5.78125 18.75
5.9375 18.75
6.09375 18.75
6.25 18.75
6.40625 18.75
6.5625 18.75
6.71875 18.75
6.875 18.75
7.03125 18.75
7.1875 18.75
7.34375 18.75
7.5 18.75
7.65625 18.75
7.8125 18.75
7.96875 18.75
8.125 18.75
8.28125 18.75
8.4375 18.75
8.59375 18.75
8.75 18.75
3.90625 18.59375
4.0625 18.59375
4.21875 18.59375
4.375 18.59375
4.53125 18.59375
4.6875 18.59375
4.84375 18.59375
5.0 18.59375
5.15625 18.59375
5.3125 18.59375
5.46875 18.59375
5.625 18.59375
5.78125 18.59375
5.9375 18.59375
6.09375 18.59375
6.25 18.59375
6.40625 18.59375
6.5625 18.59375
6.71875 18.59375
6.875 18.59375
7.03125 18.59375
7.1875 18.59375
7.34375 18.59375
7.5 18.59375
7.65625 18.59375
7.8125 18.59375
7.96875 18.59375
8.125 18.59375
8.28125 18.59375
8.4375 18.59375
8.59375 18.59375
8.75 18.59375
3.90625 18.4375
4.0625 18.4375
4.21875 18.4375
4.375 18.4375
4.53125 18.4375
4.6875 18.4375
4.84375 18.4375
5.0 18.4375
5.15625 18.4375
5.3125 18.4375
5.46875 18.4375
5.625 18.4375
5.78125 18.4375
5.9375 18.4375
6.09375 18.4375
6.25 18.4375
6.40625 18.4375
6.5625 18.4375
6.71875 18.4375
6.875 18.4375
7.03125 18.4375
7.1875 18.4375
7.34375 18.4375
7.5 18.4375
7.65625 18.4375
7.8125 18.4375
7.96875 18.4375
8.125 18.4375
8.28125 18.4375
8.4375 18.4375
8.59375 18.4375
8.75 18.4375
3.90625 18.28125
4.0625 18.28125
4.21875 18.28125
4.375 18.28125
4.53125 18.28125
4.6875 18.28125
4.84375 18.28125
5.0 18.28125
5.15625 18.28125
5.3125 18.28125
5.46875 18.28125
5.625 18.28125
5.78125 18.28125
5.9375 18.28125
6.09375 18.28125
6.25 18.28125
6.40625 18.28125
6.5625 18.28125
6.71875 18.28125
6.875 18.28125
7.03125 18.28125
7.1875 18.28125
7.34375 18.28125
7.5 18.28125
7.65625 18.28125
7.8125 18.28125
7.96875 18.28125
8.125 18.28125
8.28125 18.28125
8.4375 18.28125
8.59375 18.28125
8.75 18.28125
3.90625 18.125
4.0625 18.125
4.21875 18.125
4.375 18.125
4.53125 18.125
4.6875 18.125
4.84375 18.125
5.0 18.125
5.15625 18.125
5.3125 18.125
5.46875 18.125
5.625 18.125
5.78125 18.125
5.9375 18.125
6.09375 18.125
6.25 18.125
6.40625 18.125
6.5625 18.125
6.71875 18.125
6.875 18.125
7.03125 18.125
7.1875 18.125
7.34375 18.125
7.5 18.125
7.65625 18.125
7.8125 18.125
7.96875 18.125
8.125 18.125
8.28125 18.125
8.4375 18.125
8.59375 18.125
3.90625 17.96875
4.0625 17.96875
4.21875 17.96875
4.375 17.96875
4.53125 17.96875
4.6875 17.96875
4.84375 17.96875
5.0 17.96875
5.15625 17.96875
5.3125 17.96875
5.46875 17.96875
5.625 17.96875
5.78125 17.96875
5.9375 17.96875
6.09375 17.96875
6.25 17.96875
6.40625 17.96875
6.5625 17.96875
6.71875 17.96875
6.875 17.96875
7.03125 17.96875
7.1875 17.96875
7.34375 17.96875
7.5 17.96875
7.65625 17.96875
7.8125 17.96875
7.96875 17.96875
8.125 17.96875
8.28125 17.96875
8.4375 17.96875
8.59375 17.96875
3.90625 17.8125
4.0625 17.8125
4.21875 17.8125
4.375 17.8125
4.53125 17.8125
4.6875 17.8125
4.84375 17.8125
5.0 17.8125
5.15625 17.8125
5.3125 17.8125
5.46875 17.8125
5.625 17.8125
5.78125 17.8125
5.9375 17.8125
6.09375 17.8125
6.25 17.8125
6.40625 17.8125
6.5625 17.8125
6.71875 17.8125
6.875 17.8125
7.03125 17.8125
7.1875 17.8125
7.34375 17.8125
7.5 17.8125
7.65625 17.8125
7.8125 17.8125
7.96875 17.8125
8.125 17.8125
8.28125 17.8125
3.90625 17.65625
4.0625 17.65625
4.21875 17.65625
4.375 17.65625
4.53125 17.65625
4.6875 17.65625
4.84375 17.65625
5.0 17.65625
5.15625 17.65625
5.3125 17.65625
5.46875 17.65625
5.625 17.65625
5.78125 17.65625
5.9375 17.65625
6.09375 17.65625
6.25 17.65625
6.40625 17.65625
6.5625 17.65625
6.71875 17.65625
6.875 17.65625
7.03125 17.65625
7.1875 17.65625
7.34375 17.65625
7.5 17.65625
7.65625 17.65625
7.8125 17.65625
7.96875 17.65625
8.125 17.65625
8.28125 17.65625
3.90625 17.5
4.0625 17.5
4.21875 17.5
4.375 17.5
4.53125 17.5
4.6875 17.5
4.84375 17.5
5.0 17.5
5.15625 17.5
5.3125 17.5
5.46875 17.5
5.625 17.5
5.78125 17.5
5.9375 17.5
6.09375 17.5
6.25 17.5
6.40625 17.5
6.5625 17.5
6.71875 17.5
6.875 17.5
7.03125 17.5
7.1875 17.5
7.34375 17.5
7.5 17.5
7.65625 17.5
7.8125 17.5
7.96875 17.5
8.125 17.5
8.28125 17.5
3.90625 17.34375
4.0625 17.34375
4.21875 17.34375
4.375 17.34375
4.53125 17.34375
4.6875 17.34375
4.84375 17.34375
5.0 17.34375
5.15625 17.34375
5.3125 17.34375
5.46875 17.34375
5.625 17.34375
5.78125 17.34375
5.9375 17.34375
6.09375 17.34375
6.25 17.34375
6.40625 17.34375
6.5625 17.34375
6.71875 17.34375
6.875 17.34375
7.03125 17.34375
7.1875 17.34375
7.34375 17.34375
3.90625 17.1875
4.0625 17.1875
4.21875 17.1875
4.375 17.1875
4.53125 17.1875
4.6875 17.1875
4.84375 17.1875
5.0 17.1875
5.15625 17.1875
5.3125 17.1875
5.46875 17.1875
5.625 17.1875
5.78125 17.1875
5.9375 17.1875
6.09375 17.1875
6.25 17.1875
6.40625 17.1875
6.5625 17.1875
6.71875 17.1875
6.875 17.1875
7.03125 17.1875
7.1875 17.1875
7.34375 17.1875
3.90625 17.03125
4.0625 17.03125
4.21875 17.03125
4.375 17.03125
4.53125 17.03125
4.6875 17.03125
4.84375 17.03125
5.0 17.03125
5.15625 17.03125
5.3125 17.03125
5.46875 17.03125
5.625 17.03125
5.78125 17.03125
5.9375 17.03125
6.09375 17.03125
6.25 17.03125
6.40625 17.03125
6.5625 17.03125
6.71875 17.03125
3.90625 16.875
4.0625 16.875
4.21875 16.875
4.375 16.875
4.53125 16.875
4.6875 16.875
4.84375 16.875
5.0 16.875
5.15625 16.875
5.3125 16.875
5.46875 16.875
5.625 16.875
5.78125 16.875
5.9375 16.875
6.09375 16.875
6.25 16.875
6.40625 16.875
6.5625 16.875
6.71875 16.875
3.90625 16.71875
4.0625 16.71875
4.21875 16.71875
4.375 16.71875
4.53125 16.71875
4.6875 16.71875
4.84375 16.71875
5.0 16.71875
5.15625 16.71875
5.3125 16.71875
5.46875 16.71875
5.625 16.71875
5.78125 16.71875
5.9375 16.71875
6.09375 16.71875
6.25 16.71875
6.40625 16.71875
6.5625 16.71875
6.71875 16.71875
3.90625 16.5625
4.0625 16.5625
4.21875 16.5625
4.375 16.5625
4.53125 16.5625
4.6875 16.5625
4.84375 16.5625
5.0 16.5625
5.15625 16.5625
5.3125 16.5625
5.46875 16.5625
5.625 16.5625
5.78125 16.5625
5.9375 16.5625
6.09375 16.5625
6.25 16.5625
6.40625 16.5625
6.5625 16.5625
6.71875 16.5625
3.90625 16.40625
4.0625 16.40625
4.21875 16.40625
4.375 16.40625
4.53125 16.40625
4.6875 16.40625
4.84375 16.40625
5.0 16.40625
5.15625 16.40625
5.3125 16.40625
5.46875 16.40625
5.625 16.40625
5.78125 16.40625
5.9375 16.40625
3.90625 16.25
4.0625 16.25
4.21875 16.25
4.375 16.25
4.53125 16.25
4.6875 16.25
4.84375 16.25
5.0 16.25
5.15625 16.25
5.3125 16.25
5.46875 16.25
5.625 16.25
5.78125 16.25
5.9375 16.25
3.90625 16.09375
4.0625 16.09375
4.21875 16.09375
4.375 16.09375
4.53125 16.09375
4.6875 16.09375
4.84375 16.09375
5.0 16.09375
5.15625 16.09375
5.3125 16.09375
5.46875 16.09375
5.625 16.09375
5.78125 16.09375
5.9375 16.09375
3.90625 15.9375
4.0625 15.9375
4.21875 15.9375
4.375 15.9375
4.53125 15.9375
4.6875 15.9375
4.84375 15.9375
5.0 15.9375
5.15625 15.9375
5.3125 15.9375
5.46875 15.9375
5.625 15.9375
5.78125 15.9375
3.90625 15.78125
4.0625 15.78125
4.21875 15.78125
4.375 15.78125
4.53125 15.78125
4.6875 15.78125
4.84375 15.78125
5.0 15.78125
5.15625 15.78125
5.3125 15.78125
3.90625 15.625
4.0625 15.625
4.21875 15.625
4.375 15.625
4.53125 15.625
4.6875 15.625
4.84375 15.625
5.0 15.625
5.15625 15.625
5.3125 15.625
3.90625 15.46875
4.0625 15.46875
4.21875 15.46875
4.375 15.46875
4.53125 15.46875
4.6875 15.46875
4.84375 15.46875
5.0 15.46875
3.90625 15.3125
4.0625 15.3125
4.21875 15.3125
4.375 15.3125
4.53125 15.3125
4.6875 15.3125
3.90625 15.15625
4.0625 15.15625
4.21875 15.15625
4.375 15.15625
4.53125 15.15625
3.90625 15.0
4.0625 15.0
4.21875 15.0
4.375 15.0
3.90625 14.84375
4.0625 14.84375
3.90625 14.6875
4.0625 14.6875
