-1
-1
-1
-1
-1
-1
-1
-1
-1
-1
-1
-1
-1
-1
-1
-1
-1
-1
-1
-1
-1
-1
-1
-1
-1
-1
-1
-1
-1
-1
-1
-1
-1
-1
-1
-1
-1
-1
-1
-1
-1
-1
-1
-1
-1
-1
-1
-1
-1
-1
0.8
0.8571428571428571
0.9
0.8571428571428571
0.9
0.9
1.0
0.9523809523809523
0.9090909090909091
1.0
1.0
0.9565217391304348
0.9565217391304348
0.8
0.8571428571428571
0.8571428571428571
0.8571428571428571
0.8571428571428571
0.8
0.8571428571428571
0.8571428571428571
0.8571428571428571
0.8571428571428571
0.8571428571428571
0.8
0.8
0.8
0.8
0.8571428571428571
0.8181818181818182
0.8
0.6666666666666666
0.6666666666666666
0.4
0.6363636363636364
0.6086956521739131
0.6086956521739131
0.6956521739130435
0.782608695652174
0.7619047619047619
0.8181818181818182
0.8181818181818182
0.8181818181818182
0.8181818181818182
0.8695652173913043
0.7619047619047619
0.7619047619047619
0.7619047619047619
0.8
0.7619047619047619
0.7
0.7619047619047619
0.7
0.8571428571428571
0.8
0.8181818181818182
0.7
0.7619047619047619
0.8181818181818182
0.7619047619047619
0.8181818181818182
0.8181818181818182
0.8571428571428571
0.8571428571428571
0.9523809523809523
0.8421052631578947
0.9523809523809523
0.8421052631578947
0.9523809523809523
0.7058823529411765
0.9523809523809523
0.9523809523809523
0.9523809523809523
1.0
1.0
1.0
1.0
0.9090909090909092
0.9523809523809523
0.9523809523809523
1.0
0.9090909090909092
1.0
0.9090909090909092
0.9523809523809523
0.8695652173913044
1.0
1.0
1.0
0.8695652173913044
0.9473684210526316
0.9090909090909092
0.9090909090909092
0.9090909090909092
0.9523809523809523
1.0
0.9523809523809523
0.9523809523809523
1.0
0.9565217391304348
1.0
1.0
0.9523809523809523
0.8
0.8571428571428571
0.8571428571428571
0.9
0.9090909090909092
1.0
0.8421052631578947
0.8421052631578947
0.8421052631578947
0.9473684210526315
0.9473684210526315
1.0
1.0
1.0
1.0
0.8888888888888888
0.8235294117647058
0.6666666666666666
0.8235294117647058
0.9473684210526315
0.9473684210526315
0.8235294117647058
0.7777777777777778
0.7368421052631579
0.7368421052631579
0.7058823529411765
0.7777777777777778
0.7777777777777778
0.75
0.9411764705882353
0.9411764705882353
0.8888888888888888
0.8
0.8888888888888888
0.8235294117647058
1.0
0.8888888888888888
0.9473684210526316
0.9473684210526316
1.0
1.0
0.9411764705882353
0.8888888888888888
1.0
0.8
0.9473684210526316
-1
-1
-1
-1
-1
-1
-1
-1
-1
-1
-1
-1
-1
-1
-1
-1
-1
-1
-1
-1
-1
-1
-1
-1
-1
-1
-1
-1
-1
-1
-1
-1
-1
-1
-1
-1
-1
-1
-1
-1
-1
-1
-1
-1
-1
-1
-1
-1
-1
-1
-1
-1
-1
-1
-1
-1
-1
-1
-1
-1
-1
-1
-1
-1
-1
-1
-1
-1
-1
-1
-1
-1
-1
-1
-1
-1
-1
-1
-1
-1
-1
-1
-1
-1
-1
-1
-1
-1
-1
-1
-1
-1
-1
-1
-1
-1
-1
-1
-1
-1
-1
-1
-1
-1
-1
-1
-1
-1
-1
-1
-1
-1
-1
-1
-1
