3.59375 28.59375
3.59375 28.4375
3.75 28.4375
3.90625 28.4375
3.59375 28.28125
3.75 28.28125
3.90625 28.28125
3.59375 28.125
3.75 28.125
3.90625 28.125
4.0625 28.125
4.21875 28.125
4.375 28.125
3.59375 27.96875
3.75 27.96875
3.90625 27.96875
4.0625 27.96875
4.21875 27.96875
4.375 27.96875
3.59375 27.8125
3.75 27.8125
3.90625 27.8125
4.0625 27.8125
4.21875 27.8125
4.375 27.8125
3.59375 27.65625
3.75 27.65625
3.90625 27.65625
4.0625 27.65625
4.21875 27.65625
4.375 27.65625
3.59375 27.5
3.75 27.5
3.90625 27.5
4.0625 27.5
4.21875 27.5
4.375 27.5
4.53125 27.5
3.59375 27.34375
3.75 27.34375
3.90625 27.34375
4.0625 27.34375
4.21875 27.34375
4.375 27.34375
4.53125 27.34375
3.59375 27.1875
3.75 27.1875
3.90625 27.1875
4.0625 27.1875
4.21875 27.1875
4.375 27.1875
4.53125 27.1875
3.59375 27.03125
3.75 27.03125
3.90625 27.03125
4.0625 27.03125
4.21875 27.03125
4.375 27.03125
4.53125 27.03125
3.59375 26.875
3.75 26.875
3.90625 26.875
4.0625 26.875
4.21875 26.875
4.375 26.875
4.53125 26.875
3.59375 26.71875
3.75 26.71875
3.90625 26.71875
4.0625 26.71875
4.21875 26.71875
4.375 26.71875
4.53125 26.71875
3.59375 26.5625
3.75 26.5625
3.90625 26.5625
4.0625 26.5625
4.21875 26.5625
4.375 26.5625
4.53125 26.5625
3.59375 26.40625
3.75 26.40625
3.90625 26.40625
4.0625 26.40625
4.21875 26.40625
4.375 26.40625
4.53125 26.40625
3.59375 26.25
3.75 26.25
3.90625 26.25
4.0625 26.25
4.21875 26.25
4.375 26.25
4.53125 26.25
4.6875 26.25
4.84375 26.25
5.0 26.25
5.15625 26.25
5.3125 26.25
3.59375 26.09375
3.75 26.09375
3.90625 26.09375
4.0625 26.09375
4.21875 26.09375
4.375 26.09375
4.53125 26.09375
4.6875 26.09375
4.84375 26.09375
5.0 26.09375
5.15625 26.09375
5.3125 26.09375
3.59375 25.9375
3.75 25.9375
3.90625 25.9375
4.0625 25.9375
4.21875 25.9375
4.375 25.9375
4.53125 25.9375
4.6875 25.9375
4.84375 25.9375
5.0 25.9375
5.15625 25.9375
5.3125 25.9375
3.59375 25.78125
3.75 25.78125
3.90625 25.78125
4.0625 25.78125
4.21875 25.78125
4.375 25.78125
4.53125 25.78125
4.6875 25.78125
4.84375 25.78125
5.0 25.78125
5.15625 25.78125
5.3125 25.78125
3.59375 25.625
3.75 25.625
3.90625 25.625
4.0625 25.625
4.21875 25.625
4.375 25.625
4.53125 25.625
4.6875 25.625
4.84375 25.625
5.0 25.625
5.15625 25.625
5.3125 25.625
3.59375 25.46875
3.75 25.46875
3.90625 25.46875
4.0625 25.46875
4.21875 25.46875
4.375 25.46875
4.53125 25.46875
4.6875 25.46875
4.84375 25.46875
5.0 25.46875
5.15625 25.46875
5.3125 25.46875
3.59375 25.3125
3.75 25.3125
3.90625 25.3125
4.0625 25.3125
4.21875 25.3125
4.375 25.3125
4.53125 25.3125
4.6875 25.3125
4.84375 25.3125
5.0 25.3125
5.15625 25.3125
5.3125 25.3125
3.59375 25.15625
3.75 25.15625
3.90625 25.15625
4.0625 25.15625
4.21875 25.15625
4.375 25.15625
4.53125 25.15625
4.6875 25.15625
4.84375 25.15625
5.0 25.15625
5.15625 25.15625
5.3125 25.15625
3.59375 25.0
3.75 25.0
3.90625 25.0
4.0625 25.0
4.21875 25.0
4.375 25.0
4.53125 25.0
4.6875 25.0
4.84375 25.0
5.0 25.0
5.15625 25.0
5.3125 25.0
5.46875 25.0
5.625 25.0
5.78125 25.0
3.75 24.84375
3.90625 24.84375
4.0625 24.84375
4.21875 24.84375
4.375 24.84375
4.53125 24.84375
4.6875 24.84375
4.84375 24.84375
5.0 24.84375
5.15625 24.84375
5.3125 24.84375
5.46875 24.84375
5.625 24.84375
5.78125 24.84375
3.75 24.6875
3.90625 24.6875
4.0625 24.6875
4.21875 24.6875
4.375 24.6875
4.53125 24.6875
4.6875 24.6875
4.84375 24.6875
5.0 24.6875
5.15625 24.6875
5.3125 24.6875
5.46875 24.6875
5.625 24.6875
5.78125 24.6875
5.9375 24.6875
6.09375 24.6875
6.25 24.6875
6.40625 24.6875
3.75 24.53125
3.90625 24.53125
4.0625 24.53125
4.21875 24.53125
4.375 24.53125
4.53125 24.53125
4.6875 24.53125
4.84375 24.53125
5.0 24.53125
5.15625 24.53125
5.3125 24.53125
5.46875 24.53125
5.625 24.53125
5.78125 24.53125
5.9375 24.53125
6.09375 24.53125
6.25 24.53125
6.40625 24.53125
6.5625 24.53125
6.71875 24.53125
3.75 24.375
3.90625 24.375
4.0625 24.375
4.21875 24.375
4.375 24.375
4.53125 24.375
4.6875 24.375
4.84375 24.375
5.0 24.375
5.15625 24.375
5.3125 24.375
5.46875 24.375
5.625 24.375
5.78125 24.375
5.9375 24.375
6.09375 24.375
6.25 24.375
6.40625 24.375
6.5625 24.375
6.71875 24.375
3.75 24.21875
3.90625 24.21875
4.0625 24.21875
4.21875 24.21875
4.375 24.21875
4.53125 24.21875
4.6875 24.21875
4.84375 24.21875
5.0 24.21875
5.15625 24.21875
5.3125 24.21875
5.46875 24.21875
5.625 24.21875
5.78125 24.21875
5.9375 24.21875
6.09375 24.21875
6.25 24.21875
6.40625 24.21875
6.5625 24.21875
6.71875 24.21875
3.75 24.0625
3.90625 24.0625
4.0625 24.0625
4.21875 24.0625
4.375 24.0625
4.53125 24.0625
4.6875 24.0625
4.84375 24.0625
5.0 24.0625
5.15625 24.0625
5.3125 24.0625
5.46875 24.0625
5.625 24.0625
5.78125 24.0625
5.9375 24.0625
6.09375 24.0625
6.25 24.0625
6.40625 24.0625
6.5625 24.0625
6.71875 24.0625
3.75 23.90625
3.90625 23.90625
4.0625 23.90625
4.21875 23.90625
4.375 23.90625
4.53125 23.90625
4.6875 23.90625
4.84375 23.90625
5.0 23.90625
5.15625 23.90625
5.3125 23.90625
5.46875 23.90625
5.625 23.90625
5.78125 23.90625
5.9375 23.90625
6.09375 23.90625
6.25 23.90625
6.40625 23.90625
6.5625 23.90625
6.71875 23.90625
3.75 23.75
3.90625 23.75
4.0625 23.75
4.21875 23.75
4.375 23.75
4.53125 23.75
4.6875 23.75
4.84375 23.75
5.0 23.75
5.15625 23.75
5.3125 23.75
5.46875 23.75
5.625 23.75
5.78125 23.75
5.9375 23.75
6.09375 23.75
6.25 23.75
6.40625 23.75
6.5625 23.75
6.71875 23.75
3.75 23.59375
3.90625 23.59375
4.0625 23.59375
4.21875 23.59375
4.375 23.59375
4.53125 23.59375
4.6875 23.59375
4.84375 23.59375
5.0 23.59375
5.15625 23.59375
5.3125 23.59375
5.46875 23.59375
5.625 23.59375
5.78125 23.59375
5.9375 23.59375
6.09375 23.59375
6.25 23.59375
6.40625 23.59375
6.5625 23.59375
6.71875 23.59375
3.75 23.4375
3.90625 23.4375
4.0625 23.4375
4.21875 23.4375
4.375 23.4375
4.53125 23.4375
4.6875 23.4375
4.84375 23.4375
5.0 23.4375
5.15625 23.4375
5.3125 23.4375
5.46875 23.4375
5.625 23.4375
5.78125 23.4375
5.9375 23.4375
6.09375 23.4375
6.25 23.4375
6.40625 23.4375
6.5625 23.4375
6.71875 23.4375
3.75 23.28125
3.90625 23.28125
4.0625 23.28125
4.21875 23.28125
4.375 23.28125
4.53125 23.28125
4.6875 23.28125
4.84375 23.28125
5.0 23.28125
5.15625 23.28125
5.3125 23.28125
5.46875 23.28125
5.625 23.28125
5.78125 23.28125
5.9375 23.28125
6.09375 23.28125
6.25 23.28125
6.40625 23.28125
6.5625 23.28125
6.71875 23.28125
3.75 23.125
3.90625 23.125
4.0625 23.125
4.21875 23.125
4.375 23.125
4.53125 23.125
4.6875 23.125
4.84375 23.125
5.0 23.125
5.15625 23.125
5.3125 23.125
5.46875 23.125
5.625 23.125
5.78125 23.125
5.9375 23.125
6.09375 23.125
6.25 23.125
6.40625 23.125
6.5625 23.125
6.71875 23.125
3.75 22.96875
3.90625 22.96875
4.0625 22.96875
4.21875 22.96875
4.375 22.96875
4.53125 22.96875
4.6875 22.96875
4.84375 22.96875
5.0 22.96875
5.15625 22.96875
5.3125 22.96875
5.46875 22.96875
5.625 22.96875
5.78125 22.96875
5.9375 22.96875
6.09375 22.96875
6.25 22.96875
6.40625 22.96875
6.5625 22.96875
6.71875 22.96875
3.75 22.8125
3.90625 22.8125
4.0625 22.8125
4.21875 22.8125
4.375 22.8125
4.53125 22.8125
4.6875 22.8125
4.84375 22.8125
5.0 22.8125
5.15625 22.8125
5.3125 22.8125
5.46875 22.8125
5.625 22.8125
5.78125 22.8125
5.9375 22.8125
6.09375 22.8125
6.25 22.8125
6.40625 22.8125
6.5625 22.8125
6.71875 22.8125
3.75 22.65625
3.90625 22.65625
4.0625 22.65625
4.21875 22.65625
4.375 22.65625
4.53125 22.65625
4.6875 22.65625
4.84375 22.65625
5.0 22.65625
5.15625 22.65625
5.3125 22.65625
5.46875 22.65625
5.625 22.65625
5.78125 22.65625
5.9375 22.65625
6.09375 22.65625
6.25 22.65625
6.40625 22.65625
6.5625 22.65625
6.71875 22.65625
3.75 22.5
3.90625 22.5
4.0625 22.5
4.21875 22.5
4.375 22.5
4.53125 22.5
4.6875 22.5
4.84375 22.5
5.0 22.5
5.15625 22.5
5.3125 22.5
5.46875 22.5
5.625 22.5
5.78125 22.5
5.9375 22.5
6.09375 22.5
6.25 22.5
6.40625 22.5
6.5625 22.5
6.71875 22.5
3.75 22.34375
3.90625 22.34375
4.0625 22.34375
4.21875 22.34375
4.375 22.34375
4.53125 22.34375
4.6875 22.34375
4.84375 22.34375
5.0 22.34375
5.15625 22.34375
5.3125 22.34375
5.46875 22.34375
5.625 22.34375
5.78125 22.34375
5.9375 22.34375
6.09375 22.34375
6.25 22.34375
6.40625 22.34375
6.5625 22.34375
6.71875 22.34375
3.75 22.1875
3.90625 22.1875
4.0625 22.1875
4.21875 22.1875
4.375 22.1875
4.53125 22.1875
4.6875 22.1875
4.84375 22.1875
5.0 22.1875
5.15625 22.1875
5.3125 22.1875
5.46875 22.1875
5.625 22.1875
5.78125 22.1875
5.9375 22.1875
6.09375 22.1875
6.25 22.1875
6.40625 22.1875
6.5625 22.1875
6.71875 22.1875
3.75 22.03125
3.90625 22.03125
4.0625 22.03125
4.21875 22.03125
4.375 22.03125
4.53125 22.03125
4.6875 22.03125
4.84375 22.03125
5.0 22.03125
5.15625 22.03125
5.3125 22.03125
5.46875 22.03125
5.625 22.03125
5.78125 22.03125
5.9375 22.03125
6.09375 22.03125
6.25 22.03125
6.40625 22.03125
6.5625 22.03125
6.71875 22.03125
3.75 21.875
3.90625 21.875
4.0625 21.875
4.21875 21.875
4.375 21.875
4.53125 21.875
4.6875 21.875
4.84375 21.875
5.0 21.875
5.15625 21.875
5.3125 21.875
5.46875 21.875
5.625 21.875
5.78125 21.875
5.9375 21.875
6.09375 21.875
6.25 21.875
6.40625 21.875
6.5625 21.875
6.71875 21.875
3.75 21.71875
3.90625 21.71875
4.0625 21.71875
4.21875 21.71875
4.375 21.71875
4.53125 21.71875
4.6875 21.71875
4.84375 21.71875
5.0 21.71875
5.15625 21.71875
5.3125 21.71875
5.46875 21.71875
5.625 21.71875
5.78125 21.71875
5.9375 21.71875
6.09375 21.71875
6.25 21.71875
6.40625 21.71875
6.5625 21.71875
6.71875 21.71875
3.75 21.5625
3.90625 21.5625
4.0625 21.5625
4.21875 21.5625
4.375 21.5625
4.53125 21.5625
4.6875 21.5625
4.84375 21.5625
5.0 21.5625
5.15625 21.5625
5.3125 21.5625
5.46875 21.5625
5.625 21.5625
5.78125 21.5625
5.9375 21.5625
6.09375 21.5625
6.25 21.5625
6.40625 21.5625
6.5625 21.5625
3.75 21.40625
3.90625 21.40625
4.0625 21.40625
4.21875 21.40625
4.375 21.40625
4.53125 21.40625
4.6875 21.40625
4.84375 21.40625
5.0 21.40625
5.15625 21.40625
5.3125 21.40625
5.46875 21.40625
5.625 21.40625
5.78125 21.40625
5.9375 21.40625
6.09375 21.40625
6.25 21.40625
6.40625 21.40625
6.5625 21.40625
3.75 21.25
3.90625 21.25
4.0625 21.25
4.21875 21.25
4.375 21.25
4.53125 21.25
4.6875 21.25
4.84375 21.25
5.0 21.25
5.15625 21.25
5.3125 21.25
5.46875 21.25
5.625 21.25
5.78125 21.25
5.9375 21.25
6.09375 21.25
6.25 21.25
6.40625 21.25
6.5625 21.25
3.75 21.09375
3.90625 21.09375
4.0625 21.09375
4.21875 21.09375
4.375 21.09375
4.53125 21.09375
4.6875 21.09375
4.84375 21.09375
5.0 21.09375
5.15625 21.09375
5.3125 21.09375
5.46875 21.09375
5.625 21.09375
5.78125 21.09375
5.9375 21.09375
6.09375 21.09375
6.25 21.09375
6.40625 21.09375
6.5625 21.09375
3.75 20.9375
3.90625 20.9375
4.0625 20.9375
4.21875 20.9375
4.375 20.9375
4.53125 20.9375
4.6875 20.9375
4.84375 20.9375
5.0 20.9375
5.15625 20.9375
5.3125 20.9375
5.46875 20.9375
5.625 20.9375
5.78125 20.9375
5.9375 20.9375
6.09375 20.9375
6.25 20.9375
6.40625 20.9375
6.5625 20.9375
3.75 20.78125
3.90625 20.78125
4.0625 20.78125
4.21875 20.78125
4.375 20.78125
4.53125 20.78125
4.6875 20.78125
4.84375 20.78125
5.0 20.78125
5.15625 20.78125
5.3125 20.78125
5.46875 20.78125
5.625 20.78125
5.78125 20.78125
5.9375 20.78125
6.09375 20.78125
6.25 20.78125
6.40625 20.78125
3.75 20.625
3.90625 20.625
4.0625 20.625
4.21875 20.625
4.375 20.625
4.53125 20.625
4.6875 20.625
4.84375 20.625
5.0 20.625
5.15625 20.625
5.3125 20.625
5.46875 20.625
5.625 20.625
5.78125 20.625
5.9375 20.625
6.09375 20.625
6.25 20.625
6.40625 20.625
3.75 20.46875
3.90625 20.46875
4.0625 20.46875
4.21875 20.46875
4.375 20.46875
4.53125 20.46875
4.6875 20.46875
4.84375 20.46875
5.0 20.46875
5.15625 20.46875
5.3125 20.46875
5.46875 20.46875
5.625 20.46875
5.78125 20.46875
3.75 20.3125
3.90625 20.3125
4.0625 20.3125
4.21875 20.3125
4.375 20.3125
4.53125 20.3125
4.6875 20.3125
4.84375 20.3125
5.0 20.3125
5.15625 20.3125
5.3125 20.3125
5.46875 20.3125
5.625 20.3125
5.78125 20.3125
3.75 20.15625
3.90625 20.15625
4.0625 20.15625
4.21875 20.15625
4.375 20.15625
4.53125 20.15625
4.6875 20.15625
4.84375 20.15625
5.0 20.15625
5.15625 20.15625
5.3125 20.15625
5.46875 20.15625
5.625 20.15625
5.78125 20.15625
3.75 20.0
3.90625 20.0
4.0625 20.0
4.21875 20.0
4.375 20.0
4.53125 20.0
4.6875 20.0
4.84375 20.0
5.0 20.0
5.15625 20.0
5.3125 20.0
5.46875 20.0
5.625 20.0
5.78125 20.0
3.75 19.84375
3.90625 19.84375
4.0625 19.84375
4.21875 19.84375
4.375 19.84375
4.53125 19.84375
4.6875 19.84375
4.84375 19.84375
5.0 19.84375
5.15625 19.84375
5.3125 19.84375
5.46875 19.84375
5.625 19.84375
5.78125 19.84375
3.75 19.6875
3.90625 19.6875
4.0625 19.6875
4.21875 19.6875
4.375 19.6875
4.53125 19.6875
4.6875 19.6875
4.84375 19.6875
5.0 19.6875
5.15625 19.6875
5.3125 19.6875
5.46875 19.6875
5.625 19.6875
5.78125 19.6875
3.75 19.53125
3.90625 19.53125
4.0625 19.53125
4.21875 19.53125
4.375 19.53125
4.53125 19.53125
4.6875 19.53125
4.84375 19.53125
5.0 19.53125
5.15625 19.53125
5.3125 19.53125
5.46875 19.53125
5.625 19.53125
5.78125 19.53125
3.75 19.375
3.90625 19.375
4.0625 19.375
4.21875 19.375
4.375 19.375
4.53125 19.375
4.6875 19.375
4.84375 19.375
5.0 19.375
5.15625 19.375
5.3125 19.375
5.46875 19.375
5.625 19.375
5.78125 19.375
3.75 19.21875
3.90625 19.21875
4.0625 19.21875
4.21875 19.21875
4.375 19.21875
4.53125 19.21875
4.6875 19.21875
4.84375 19.21875
5.0 19.21875
3.75 19.0625
3.90625 19.0625
4.0625 19.0625
4.21875 19.0625
4.375 19.0625
4.53125 19.0625
4.6875 19.0625
4.84375 19.0625
5.0 19.0625
3.75 18.90625
3.90625 18.90625
4.0625 18.90625
4.21875 18.90625
4.375 18.90625
4.53125 18.90625
4.6875 18.90625
4.84375 18.90625
5.0 18.90625
3.75 18.75
3.90625 18.75
4.0625 18.75
4.21875 18.75
4.375 18.75
4.53125 18.75
4.6875 18.75
4.84375 18.75
5.0 18.75
3.75 18.59375
3.90625 18.59375
4.0625 18.59375
4.21875 18.59375
4.375 18.59375
4.53125 18.59375
3.75 18.4375
3.90625 18.4375
4.0625 18.4375
4.21875 18.4375
4.375 18.4375
4.53125 18.4375
3.75 18.28125
3.90625 18.28125
4.0625 18.28125
4.21875 18.28125
3.75 18.125
3.90625 18.125
4.0625 18.125
4.21875 18.125
3.75 17.96875
3.90625 17.96875
3.75 17.8125
3.90625 17.8125
