4.375 12.1875
4.53125 12.1875
4.375 12.03125
4.53125 12.03125
4.6875 12.03125
4.84375 12.03125
4.375 11.875
4.53125 11.875
4.6875 11.875
4.84375 11.875
5.0 11.875
4.375 11.71875
4.53125 11.71875
4.6875 11.71875
4.84375 11.71875
5.0 11.71875
5.15625 11.71875
4.375 11.5625
4.53125 11.5625
4.6875 11.5625
4.84375 11.5625
5.0 11.5625
5.15625 11.5625
4.375 11.40625
4.53125 11.40625
4.6875 11.40625
4.84375 11.40625
5.0 11.40625
5.15625 11.40625
4.375 11.25
4.53125 11.25
4.6875 11.25
4.84375 11.25
5.0 11.25
5.15625 11.25
4.375 11.09375
4.53125 11.09375
4.6875 11.09375
4.84375 11.09375
5.0 11.09375
5.15625 11.09375
5.3125 11.09375
4.375 10.9375
4.53125 10.9375
4.6875 10.9375
4.84375 10.9375
5.0 10.9375
5.15625 10.9375
5.3125 10.9375
4.375 10.78125
4.53125 10.78125
4.6875 10.78125
4.84375 10.78125
5.0 10.78125
5.15625 10.78125
5.3125 10.78125
4.375 10.625
4.53125 10.625
4.6875 10.625
4.84375 10.625
5.0 10.625
5.15625 10.625
5.3125 10.625
4.375 10.46875
4.53125 10.46875
4.6875 10.46875
4.84375 10.46875
5.0 10.46875
5.15625 10.46875
5.3125 10.46875
4.375 10.3125
4.53125 10.3125
4.6875 10.3125
4.84375 10.3125
5.0 10.3125
5.15625 10.3125
5.3125 10.3125
4.375 10.15625
4.53125 10.15625
4.6875 10.15625
4.84375 10.15625
5.0 10.15625
5.15625 10.15625
5.3125 10.15625
4.375 10.0
4.53125 10.0
4.6875 10.0
4.84375 10.0
5.0 10.0
5.15625 10.0
5.3125 10.0
4.375 9.84375
4.53125 9.84375
4.6875 9.84375
4.84375 9.84375
5.0 9.84375
5.15625 9.84375
5.3125 9.84375
4.375 9.6875
4.53125 9.6875
4.6875 9.6875
4.84375 9.6875
5.0 9.6875
5.15625 9.6875
5.3125 9.6875
4.375 9.53125
4.53125 9.53125
4.6875 9.53125
4.84375 9.53125
5.0 9.53125
5.15625 9.53125
5.3125 9.53125
4.375 9.375
4.53125 9.375
4.6875 9.375
4.84375 9.375
5.0 9.375
5.15625 9.375
5.3125 9.375
4.375 9.21875
4.53125 9.21875
4.6875 9.21875
4.84375 9.21875
5.0 9.21875
5.15625 9.21875
5.3125 9.21875
4.375 9.0625
4.53125 9.0625
4.6875 9.0625
4.84375 9.0625
5.0 9.0625
5.15625 9.0625
5.3125 9.0625
5.46875 9.0625
4.375 8.90625
4.53125 8.90625
4.6875 8.90625
4.84375 8.90625
5.0 8.90625
5.15625 8.90625
5.3125 8.90625
5.46875 8.90625
4.375 8.75
4.53125 8.75
4.6875 8.75
4.84375 8.75
5.0 8.75
5.15625 8.75
5.3125 8.75
5.46875 8.75
5.625 8.75
5.78125 8.75
5.9375 8.75
6.09375 8.75
4.375 8.59375
4.53125 8.59375
4.6875 8.59375
4.84375 8.59375
5.0 8.59375
5.15625 8.59375
5.3125 8.59375
5.46875 8.59375
5.625 8.59375
5.78125 8.59375
5.9375 8.59375
6.09375 8.59375
6.25 8.59375
4.375 8.4375
4.53125 8.4375
4.6875 8.4375
4.84375 8.4375
5.0 8.4375
5.15625 8.4375
5.3125 8.4375
5.46875 8.4375
5.625 8.4375
5.78125 8.4375
5.9375 8.4375
6.09375 8.4375
6.25 8.4375
6.40625 8.4375
4.375 8.28125
4.53125 8.28125
4.6875 8.28125
4.84375 8.28125
5.0 8.28125
5.15625 8.28125
5.3125 8.28125
5.46875 8.28125
5.625 8.28125
5.78125 8.28125
5.9375 8.28125
6.09375 8.28125
6.25 8.28125
6.40625 8.28125
4.375 8.125
4.53125 8.125
4.6875 8.125
4.84375 8.125
5.0 8.125
5.15625 8.125
5.3125 8.125
5.46875 8.125
5.625 8.125
5.78125 8.125
5.9375 8.125
6.09375 8.125
6.25 8.125
6.40625 8.125
4.375 7.96875
4.53125 7.96875
4.6875 7.96875
4.84375 7.96875
5.0 7.96875
5.15625 7.96875
5.3125 7.96875
5.46875 7.96875
5.625 7.96875
5.78125 7.96875
5.9375 7.96875
6.09375 7.96875
6.25 7.96875
6.40625 7.96875
4.375 7.8125
4.53125 7.8125
4.6875 7.8125
4.84375 7.8125
5.0 7.8125
5.15625 7.8125
5.3125 7.8125
5.46875 7.8125
5.625 7.8125
5.78125 7.8125
5.9375 7.8125
6.09375 7.8125
6.25 7.8125
6.40625 7.8125
4.375 7.65625
4.53125 7.65625
4.6875 7.65625
4.84375 7.65625
5.0 7.65625
5.15625 7.65625
5.3125 7.65625
5.46875 7.65625
5.625 7.65625
5.78125 7.65625
5.9375 7.65625
6.09375 7.65625
6.25 7.65625
6.40625 7.65625
4.375 7.5
4.53125 7.5
4.6875 7.5
4.84375 7.5
5.0 7.5
5.15625 7.5
5.3125 7.5
5.46875 7.5
5.625 7.5
5.78125 7.5
5.9375 7.5
6.09375 7.5
6.25 7.5
6.40625 7.5
4.375 7.34375
4.53125 7.34375
4.6875 7.34375
4.84375 7.34375
5.0 7.34375
5.15625 7.34375
5.3125 7.34375
5.46875 7.34375
5.625 7.34375
5.78125 7.34375
5.9375 7.34375
6.09375 7.34375
6.25 7.34375
6.40625 7.34375
4.375 7.1875
4.53125 7.1875
4.6875 7.1875
4.84375 7.1875
5.0 7.1875
5.15625 7.1875
5.3125 7.1875
5.46875 7.1875
5.625 7.1875
5.78125 7.1875
5.9375 7.1875
6.09375 7.1875
6.25 7.1875
6.40625 7.1875
4.375 7.03125
4.53125 7.03125
4.6875 7.03125
4.84375 7.03125
5.0 7.03125
5.15625 7.03125
5.3125 7.03125
5.46875 7.03125
5.625 7.03125
5.78125 7.03125
5.9375 7.03125
6.09375 7.03125
6.25 7.03125
6.40625 7.03125
6.5625 7.03125
4.375 6.875
4.53125 6.875
4.6875 6.875
4.84375 6.875
5.0 6.875
5.15625 6.875
5.3125 6.875
5.46875 6.875
5.625 6.875
5.78125 6.875
5.9375 6.875
6.09375 6.875
6.25 6.875
6.40625 6.875
6.5625 6.875
6.71875 6.875
6.875 6.875
7.03125 6.875
7.1875 6.875
4.375 6.71875
4.53125 6.71875
4.6875 6.71875
4.84375 6.71875
5.0 6.71875
5.15625 6.71875
5.3125 6.71875
5.46875 6.71875
5.625 6.71875
5.78125 6.71875
5.9375 6.71875
6.09375 6.71875
6.25 6.71875
6.40625 6.71875
6.5625 6.71875
6.71875 6.71875
6.875 6.71875
7.03125 6.71875
7.1875 6.71875
4.375 6.5625
4.53125 6.5625
4.6875 6.5625
4.84375 6.5625
5.0 6.5625
5.15625 6.5625
5.3125 6.5625
5.46875 6.5625
5.625 6.5625
5.78125 6.5625
5.9375 6.5625
6.09375 6.5625
6.25 6.5625
6.40625 6.5625
6.5625 6.5625
6.71875 6.5625
6.875 6.5625
7.03125 6.5625
7.1875 6.5625
4.375 6.40625
4.53125 6.40625
4.6875 6.40625
4.84375 6.40625
5.0 6.40625
5.15625 6.40625
5.3125 6.40625
5.46875 6.40625
5.625 6.40625
5.78125 6.40625
5.9375 6.40625
6.09375 6.40625
6.25 6.40625
6.40625 6.40625
6.5625 6.40625
6.71875 6.40625
6.875 6.40625
7.03125 6.40625
7.1875 6.40625
4.375 6.25
4.53125 6.25
4.6875 6.25
4.84375 6.25
5.0 6.25
5.15625 6.25
5.3125 6.25
5.46875 6.25
5.625 6.25
5.78125 6.25
5.9375 6.25
6.09375 6.25
6.25 6.25
6.40625 6.25
6.5625 6.25
6.71875 6.25
6.875 6.25
7.03125 6.25
7.1875 6.25
4.375 6.09375
4.53125 6.09375
4.6875 6.09375
4.84375 6.09375
5.0 6.09375
5.15625 6.09375
5.3125 6.09375
5.46875 6.09375
5.625 6.09375
5.78125 6.09375
5.9375 6.09375
6.09375 6.09375
6.25 6.09375
6.40625 6.09375
6.5625 6.09375
6.71875 6.09375
6.875 6.09375
7.03125 6.09375
7.1875 6.09375
4.375 5.9375
4.53125 5.9375
4.6875 5.9375
4.84375 5.9375
5.0 5.9375
5.15625 5.9375
5.3125 5.9375
5.46875 5.9375
5.625 5.9375
5.78125 5.9375
5.9375 5.9375
6.09375 5.9375
6.25 5.9375
6.40625 5.9375
6.5625 5.9375
6.71875 5.9375
6.875 5.9375
7.03125 5.9375
7.1875 5.9375
4.375 5.78125
4.53125 5.78125
4.6875 5.78125
4.84375 5.78125
5.0 5.78125
5.15625 5.78125
5.3125 5.78125
5.46875 5.78125
5.625 5.78125
5.78125 5.78125
5.9375 5.78125
6.09375 5.78125
6.25 5.78125
6.40625 5.78125
6.5625 5.78125
6.71875 5.78125
6.875 5.78125
7.03125 5.78125
7.1875 5.78125
4.375 5.625
4.53125 5.625
4.6875 5.625
4.84375 5.625
5.0 5.625
5.15625 5.625
5.3125 5.625
5.46875 5.625
5.625 5.625
5.78125 5.625
5.9375 5.625
6.09375 5.625
6.25 5.625
6.40625 5.625
6.5625 5.625
6.71875 5.625
6.875 5.625
7.03125 5.625
7.1875 5.625
4.375 5.46875
4.53125 5.46875
4.6875 5.46875
4.84375 5.46875
5.0 5.46875
5.15625 5.46875
5.3125 5.46875
5.46875 5.46875
5.625 5.46875
5.78125 5.46875
5.9375 5.46875
6.09375 5.46875
6.25 5.46875
6.40625 5.46875
6.5625 5.46875
6.71875 5.46875
6.875 5.46875
7.03125 5.46875
7.1875 5.46875
4.375 5.3125
4.53125 5.3125
4.6875 5.3125
4.84375 5.3125
5.0 5.3125
5.15625 5.3125
5.3125 5.3125
5.46875 5.3125
5.625 5.3125
5.78125 5.3125
5.9375 5.3125
6.09375 5.3125
6.25 5.3125
6.40625 5.3125
6.5625 5.3125
6.71875 5.3125
6.875 5.3125
7.03125 5.3125
7.1875 5.3125
4.375 5.15625
4.53125 5.15625
4.6875 5.15625
4.84375 5.15625
5.0 5.15625
5.15625 5.15625
5.3125 5.15625
5.46875 5.15625
5.625 5.15625
5.78125 5.15625
5.9375 5.15625
6.09375 5.15625
6.25 5.15625
6.40625 5.15625
6.5625 5.15625
6.71875 5.15625
6.875 5.15625
7.03125 5.15625
7.1875 5.15625
4.375 5.0
4.53125 5.0
4.6875 5.0
4.84375 5.0
5.0 5.0
5.15625 5.0
5.3125 5.0
5.46875 5.0
5.625 5.0
5.78125 5.0
5.9375 5.0
6.09375 5.0
6.25 5.0
6.40625 5.0
6.5625 5.0
6.71875 5.0
6.875 5.0
7.03125 5.0
7.1875 5.0
4.375 4.84375
4.53125 4.84375
4.6875 4.84375
4.84375 4.84375
5.0 4.84375
5.15625 4.84375
5.3125 4.84375
5.46875 4.84375
5.625 4.84375
5.78125 4.84375
5.9375 4.84375
6.09375 4.84375
6.25 4.84375
4.375 4.6875
4.53125 4.6875
4.6875 4.6875
4.84375 4.6875
5.0 4.6875
5.15625 4.6875
5.3125 4.6875
5.46875 4.6875
5.625 4.6875
5.78125 4.6875
5.9375 4.6875
6.09375 4.6875
6.25 4.6875
4.375 4.53125
4.53125 4.53125
4.6875 4.53125
4.84375 4.53125
5.0 4.53125
5.15625 4.53125
5.3125 4.53125
5.46875 4.53125
5.625 4.53125
5.78125 4.53125
5.9375 4.53125
6.09375 4.53125
6.25 4.53125
4.375 4.375
4.53125 4.375
4.6875 4.375
4.84375 4.375
5.0 4.375
5.15625 4.375
5.3125 4.375
5.46875 4.375
5.625 4.375
5.78125 4.375
5.9375 4.375
6.09375 4.375
6.25 4.375
4.375 4.21875
4.53125 4.21875
4.6875 4.21875
4.84375 4.21875
5.0 4.21875
5.15625 4.21875
5.3125 4.21875
5.46875 4.21875
5.625 4.21875
5.78125 4.21875
5.9375 4.21875
6.09375 4.21875
6.25 4.21875
4.375 4.0625
4.53125 4.0625
4.6875 4.0625
4.84375 4.0625
5.0 4.0625
5.15625 4.0625
5.3125 4.0625
5.46875 4.0625
5.625 4.0625
5.78125 4.0625
5.9375 4.0625
6.09375 4.0625
6.25 4.0625
4.375 3.90625
4.53125 3.90625
4.6875 3.90625
4.84375 3.90625
5.0 3.90625
5.15625 3.90625
5.3125 3.90625
5.46875 3.90625
5.625 3.90625
5.78125 3.90625
5.9375 3.90625
6.09375 3.90625
6.25 3.90625
4.375 3.75
4.53125 3.75
4.6875 3.75
4.84375 3.75
5.0 3.75
5.15625 3.75
5.3125 3.75
5.46875 3.75
5.625 3.75
5.78125 3.75
5.9375 3.75
6.09375 3.75
6.25 3.75
4.375 3.59375
4.53125 3.59375
4.6875 3.59375
4.84375 3.59375
5.0 3.59375
5.15625 3.59375
5.3125 3.59375
5.46875 3.59375
5.625 3.59375
5.78125 3.59375
5.9375 3.59375
6.09375 3.59375
6.25 3.59375
4.375 3.4375
4.53125 3.4375
4.6875 3.4375
4.84375 3.4375
5.0 3.4375
5.15625 3.4375
5.3125 3.4375
5.46875 3.4375
5.625 3.4375
5.78125 3.4375
5.9375 3.4375
6.09375 3.4375
6.25 3.4375
4.375 3.28125
4.53125 3.28125
4.6875 3.28125
4.84375 3.28125
5.0 3.28125
5.15625 3.28125
5.3125 3.28125
5.46875 3.28125
5.625 3.28125
5.78125 3.28125
5.9375 3.28125
6.09375 3.28125
6.25 3.28125
4.375 3.125
4.53125 3.125
4.6875 3.125
4.84375 3.125
5.0 3.125
5.15625 3.125
5.3125 3.125
5.46875 3.125
5.625 3.125
5.78125 3.125
5.9375 3.125
6.09375 3.125
6.25 3.125
4.375 2.96875
4.53125 2.96875
4.6875 2.96875
4.84375 2.96875
5.0 2.96875
5.15625 2.96875
5.3125 2.96875
5.46875 2.96875
5.625 2.96875
5.78125 2.96875
5.9375 2.96875
6.09375 2.96875
6.25 2.96875
4.375 2.8125
4.53125 2.8125
4.6875 2.8125
4.84375 2.8125
5.0 2.8125
5.15625 2.8125
5.3125 2.8125
5.46875 2.8125
4.375 2.65625
4.53125 2.65625
4.6875 2.65625
4.84375 2.65625
5.0 2.65625
5.15625 2.65625
5.3125 2.65625
5.46875 2.65625
4.375 2.5
4.53125 2.5
4.6875 2.5
4.84375 2.5
5.0 2.5
5.15625 2.5
5.3125 2.5
5.46875 2.5
4.375 2.34375
4.53125 2.34375
4.6875 2.34375
4.84375 2.34375
5.0 2.34375
5.15625 2.34375
5.3125 2.34375
5.46875 2.34375
4.375 2.1875
4.53125 2.1875
4.6875 2.1875
4.84375 2.1875
5.0 2.1875
4.375 2.03125
4.53125 2.03125
4.6875 2.03125
4.84375 2.03125
5.0 2.03125
4.375 1.875
4.53125 1.875
4.375 1.71875
4.53125 1.71875
4.375 1.5625
4.53125 1.5625
4.375 1.40625
4.53125 1.40625
4.375 1.25
4.53125 1.25
4.375 1.09375
4.53125 1.09375
4.375 0.9375
4.53125 0.9375
4.375 0.78125
4.53125 0.78125
4.375 0.625
4.53125 0.625
4.375 0.46875
4.53125 0.46875
4.375 0.3125
4.53125 0.3125
4.375 0.15625
4.53125 0.15625
4.375 0.0
4.53125 0.0
