7.5 39.84375
7.65625 39.84375
7.8125 39.84375
7.96875 39.84375
8.125 39.84375
8.28125 39.84375
8.4375 39.84375
8.59375 39.84375
8.75 39.84375
8.90625 39.84375
9.0625 39.84375
9.21875 39.84375
9.375 39.84375
9.53125 39.84375
9.6875 39.84375
9.84375 39.84375
10.0 39.84375
10.15625 39.84375
10.3125 39.84375
10.46875 39.84375
7.5 39.6875
7.65625 39.6875
7.8125 39.6875
7.96875 39.6875
8.125 39.6875
8.28125 39.6875
8.4375 39.6875
8.59375 39.6875
8.75 39.6875
8.90625 39.6875
9.0625 39.6875
9.21875 39.6875
9.375 39.6875
9.53125 39.6875
9.6875 39.6875
9.84375 39.6875
10.0 39.6875
10.15625 39.6875
10.3125 39.6875
10.46875 39.6875
7.5 39.53125
7.65625 39.53125
7.8125 39.53125
7.96875 39.53125
8.125 39.53125
8.28125 39.53125
8.4375 39.53125
8.59375 39.53125
8.75 39.53125
8.90625 39.53125
9.0625 39.53125
9.21875 39.53125
9.375 39.53125
9.53125 39.53125
9.6875 39.53125
9.84375 39.53125
10.0 39.53125
10.15625 39.53125
10.3125 39.53125
10.46875 39.53125
7.5 39.375
7.65625 39.375
7.8125 39.375
7.96875 39.375
8.125 39.375
8.28125 39.375
8.4375 39.375
8.59375 39.375
8.75 39.375
8.90625 39.375
9.0625 39.375
9.21875 39.375
9.375 39.375
9.53125 39.375
9.6875 39.375
9.84375 39.375
10.0 39.375
10.15625 39.375
10.3125 39.375
10.46875 39.375
7.34375 39.21875
7.5 39.21875
7.65625 39.21875
7.8125 39.21875
7.96875 39.21875
8.125 39.21875
8.28125 39.21875
8.4375 39.21875
8.59375 39.21875
8.75 39.21875
8.90625 39.21875
9.0625 39.21875
9.21875 39.21875
9.375 39.21875
9.53125 39.21875
9.6875 39.21875
9.84375 39.21875
10.0 39.21875
10.15625 39.21875
10.3125 39.21875
10.46875 39.21875
7.34375 39.0625
7.5 39.0625
7.65625 39.0625
7.8125 39.0625
7.96875 39.0625
8.125 39.0625
8.28125 39.0625
8.4375 39.0625
8.59375 39.0625
8.75 39.0625
8.90625 39.0625
9.0625 39.0625
9.21875 39.0625
9.375 39.0625
9.53125 39.0625
9.6875 39.0625
9.84375 39.0625
10.0 39.0625
10.15625 39.0625
10.3125 39.0625
10.46875 39.0625
7.34375 38.90625
7.5 38.90625
7.65625 38.90625
7.8125 38.90625
7.96875 38.90625
8.125 38.90625
8.28125 38.90625
8.4375 38.90625
8.59375 38.90625
8.75 38.90625
8.90625 38.90625
9.0625 38.90625
9.21875 38.90625
9.375 38.90625
9.53125 38.90625
9.6875 38.90625
9.84375 38.90625
10.0 38.90625
10.15625 38.90625
10.3125 38.90625
10.46875 38.90625
7.34375 38.75
7.5 38.75
7.65625 38.75
7.8125 38.75
7.96875 38.75
8.125 38.75
8.28125 38.75
8.4375 38.75
8.59375 38.75
8.75 38.75
8.90625 38.75
9.0625 38.75
9.21875 38.75
9.375 38.75
9.53125 38.75
9.6875 38.75
9.84375 38.75
10.0 38.75
10.15625 38.75
10.3125 38.75
10.46875 38.75
7.34375 38.59375
7.5 38.59375
7.65625 38.59375
7.8125 38.59375
7.96875 38.59375
8.125 38.59375
8.28125 38.59375
8.4375 38.59375
8.59375 38.59375
8.75 38.59375
8.90625 38.59375
9.0625 38.59375
9.21875 38.59375
9.375 38.59375
9.53125 38.59375
9.6875 38.59375
9.84375 38.59375
10.0 38.59375
10.15625 38.59375
10.3125 38.59375
10.46875 38.59375
7.34375 38.4375
7.5 38.4375
7.65625 38.4375
7.8125 38.4375
7.96875 38.4375
8.125 38.4375
8.28125 38.4375
8.4375 38.4375
8.59375 38.4375
8.75 38.4375
8.90625 38.4375
9.0625 38.4375
9.21875 38.4375
9.375 38.4375
9.53125 38.4375
9.6875 38.4375
9.84375 38.4375
10.0 38.4375
10.15625 38.4375
10.3125 38.4375
10.46875 38.4375
7.34375 38.28125
7.5 38.28125
7.65625 38.28125
7.8125 38.28125
7.96875 38.28125
8.125 38.28125
8.28125 38.28125
8.4375 38.28125
8.59375 38.28125
8.75 38.28125
8.90625 38.28125
9.0625 38.28125
9.21875 38.28125
9.375 38.28125
9.53125 38.28125
9.6875 38.28125
9.84375 38.28125
10.0 38.28125
10.15625 38.28125
10.3125 38.28125
7.1875 38.125
7.34375 38.125
7.5 38.125
7.65625 38.125
7.8125 38.125
7.96875 38.125
8.125 38.125
8.28125 38.125
8.4375 38.125
8.59375 38.125
8.75 38.125
8.90625 38.125
9.0625 38.125
9.21875 38.125
9.375 38.125
9.53125 38.125
9.6875 38.125
9.84375 38.125
10.0 38.125
10.15625 38.125
10.3125 38.125
7.1875 37.96875
7.34375 37.96875
7.5 37.96875
7.65625 37.96875
7.8125 37.96875
7.96875 37.96875
8.125 37.96875
8.28125 37.96875
8.4375 37.96875
8.59375 37.96875
8.75 37.96875
8.90625 37.96875
9.0625 37.96875
9.21875 37.96875
9.375 37.96875
9.53125 37.96875
9.6875 37.96875
9.84375 37.96875
10.0 37.96875
10.15625 37.96875
10.3125 37.96875
7.1875 37.8125
7.34375 37.8125
7.5 37.8125
7.65625 37.8125
7.8125 37.8125
7.96875 37.8125
8.125 37.8125
8.28125 37.8125
8.4375 37.8125
8.59375 37.8125
8.75 37.8125
8.90625 37.8125
9.0625 37.8125
9.21875 37.8125
9.375 37.8125
9.53125 37.8125
9.6875 37.8125
9.84375 37.8125
10.0 37.8125
10.15625 37.8125
10.3125 37.8125
7.1875 37.65625
7.34375 37.65625
7.5 37.65625
7.65625 37.65625
7.8125 37.65625
7.96875 37.65625
8.125 37.65625
8.28125 37.65625
8.4375 37.65625
8.59375 37.65625
8.75 37.65625
8.90625 37.65625
9.0625 37.65625
9.21875 37.65625
9.375 37.65625
9.53125 37.65625
9.6875 37.65625
9.84375 37.65625
10.0 37.65625
10.15625 37.65625
10.3125 37.65625
7.1875 37.5
7.34375 37.5
7.5 37.5
7.65625 37.5
7.8125 37.5
7.96875 37.5
8.125 37.5
8.28125 37.5
8.4375 37.5
8.59375 37.5
8.75 37.5
8.90625 37.5
9.0625 37.5
9.21875 37.5
9.375 37.5
9.53125 37.5
9.6875 37.5
9.84375 37.5
10.0 37.5
10.15625 37.5
10.3125 37.5
7.1875 37.34375
7.34375 37.34375
7.5 37.34375
7.65625 37.34375
7.8125 37.34375
7.96875 37.34375
8.125 37.34375
8.28125 37.34375
8.4375 37.34375
8.59375 37.34375
8.75 37.34375
8.90625 37.34375
9.0625 37.34375
9.21875 37.34375
9.375 37.34375
9.53125 37.34375
9.6875 37.34375
9.84375 37.34375
10.0 37.34375
10.15625 37.34375
10.3125 37.34375
7.1875 37.1875
7.34375 37.1875
7.5 37.1875
7.65625 37.1875
7.8125 37.1875
7.96875 37.1875
8.125 37.1875
8.28125 37.1875
8.4375 37.1875
8.59375 37.1875
8.75 37.1875
8.90625 37.1875
9.0625 37.1875
9.21875 37.1875
9.375 37.1875
9.53125 37.1875
9.6875 37.1875
9.84375 37.1875
10.0 37.1875
10.15625 37.1875
7.1875 37.03125
7.34375 37.03125
7.5 37.03125
7.65625 37.03125
7.8125 37.03125
7.96875 37.03125
8.125 37.03125
8.28125 37.03125
8.4375 37.03125
8.59375 37.03125
8.75 37.03125
8.90625 37.03125
9.0625 37.03125
9.21875 37.03125
9.375 37.03125
9.53125 37.03125
9.6875 37.03125
9.84375 37.03125
10.0 37.03125
10.15625 37.03125
7.03125 36.875
7.1875 36.875
7.34375 36.875
7.5 36.875
7.65625 36.875
7.8125 36.875
7.96875 36.875
8.125 36.875
8.28125 36.875
8.4375 36.875
8.59375 36.875
8.75 36.875
8.90625 36.875
9.0625 36.875
9.21875 36.875
9.375 36.875
9.53125 36.875
9.6875 36.875
9.84375 36.875
10.0 36.875
10.15625 36.875
7.03125 36.71875
7.1875 36.71875
7.34375 36.71875
7.5 36.71875
7.65625 36.71875
7.8125 36.71875
7.96875 36.71875
8.125 36.71875
8.28125 36.71875
8.4375 36.71875
8.59375 36.71875
8.75 36.71875
8.90625 36.71875
9.0625 36.71875
9.21875 36.71875
9.375 36.71875
9.53125 36.71875
9.6875 36.71875
9.84375 36.71875
10.0 36.71875
10.15625 36.71875
7.03125 36.5625
7.1875 36.5625
7.34375 36.5625
7.5 36.5625
7.65625 36.5625
7.8125 36.5625
7.96875 36.5625
8.125 36.5625
8.28125 36.5625
8.4375 36.5625
8.59375 36.5625
8.75 36.5625
8.90625 36.5625
9.0625 36.5625
9.21875 36.5625
9.375 36.5625
9.53125 36.5625
9.6875 36.5625
9.84375 36.5625
10.0 36.5625
10.15625 36.5625
7.03125 36.40625
7.1875 36.40625
7.34375 36.40625
7.5 36.40625
7.65625 36.40625
7.8125 36.40625
7.96875 36.40625
8.125 36.40625
8.28125 36.40625
8.4375 36.40625
8.59375 36.40625
8.75 36.40625
8.90625 36.40625
9.0625 36.40625
9.21875 36.40625
9.375 36.40625
9.53125 36.40625
9.6875 36.40625
9.84375 36.40625
10.0 36.40625
10.15625 36.40625
7.03125 36.25
7.1875 36.25
7.34375 36.25
7.5 36.25
7.65625 36.25
7.8125 36.25
7.96875 36.25
8.125 36.25
8.28125 36.25
8.4375 36.25
8.59375 36.25
8.75 36.25
8.90625 36.25
9.0625 36.25
9.21875 36.25
9.375 36.25
9.53125 36.25
9.6875 36.25
9.84375 36.25
10.0 36.25
10.15625 36.25
7.03125 36.09375
7.1875 36.09375
7.34375 36.09375
7.5 36.09375
7.65625 36.09375
7.8125 36.09375
7.96875 36.09375
8.125 36.09375
8.28125 36.09375
8.4375 36.09375
8.59375 36.09375
8.75 36.09375
8.90625 36.09375
9.0625 36.09375
9.21875 36.09375
9.375 36.09375
9.53125 36.09375
9.6875 36.09375
9.84375 36.09375
10.0 36.09375
10.15625 36.09375
7.03125 35.9375
7.1875 35.9375
7.34375 35.9375
7.5 35.9375
7.65625 35.9375
7.8125 35.9375
7.96875 35.9375
8.125 35.9375
8.28125 35.9375
8.4375 35.9375
8.59375 35.9375
8.75 35.9375
8.90625 35.9375
9.0625 35.9375
9.21875 35.9375
9.375 35.9375
9.53125 35.9375
9.6875 35.9375
9.84375 35.9375
10.0 35.9375
10.15625 35.9375
6.875 35.78125
7.03125 35.78125
7.1875 35.78125
7.34375 35.78125
7.5 35.78125
7.65625 35.78125
7.8125 35.78125
7.96875 35.78125
8.125 35.78125
8.28125 35.78125
8.4375 35.78125
8.59375 35.78125
8.75 35.78125
8.90625 35.78125
9.0625 35.78125
9.21875 35.78125
9.375 35.78125
9.53125 35.78125
9.6875 35.78125
9.84375 35.78125
10.0 35.78125
10.15625 35.78125
6.875 35.625
7.03125 35.625
7.1875 35.625
7.34375 35.625
7.5 35.625
7.65625 35.625
7.8125 35.625
7.96875 35.625
8.125 35.625
8.28125 35.625
8.4375 35.625
8.59375 35.625
8.75 35.625
8.90625 35.625
9.0625 35.625
9.21875 35.625
9.375 35.625
9.53125 35.625
9.6875 35.625
9.84375 35.625
10.0 35.625
10.15625 35.625
6.875 35.46875
7.03125 35.46875
7.1875 35.46875
7.34375 35.46875
7.5 35.46875
7.65625 35.46875
7.8125 35.46875
7.96875 35.46875
8.125 35.46875
8.28125 35.46875
8.4375 35.46875
8.59375 35.46875
8.75 35.46875
8.90625 35.46875
9.0625 35.46875
9.21875 35.46875
9.375 35.46875
9.53125 35.46875
9.6875 35.46875
9.84375 35.46875
10.0 35.46875
10.15625 35.46875
6.875 35.3125
7.03125 35.3125
7.1875 35.3125
7.34375 35.3125
7.5 35.3125
7.65625 35.3125
7.8125 35.3125
7.96875 35.3125
8.125 35.3125
8.28125 35.3125
8.4375 35.3125
8.59375 35.3125
8.75 35.3125
8.90625 35.3125
9.0625 35.3125
9.21875 35.3125
9.375 35.3125
6.875 35.15625
7.03125 35.15625
7.1875 35.15625
7.34375 35.15625
7.5 35.15625
7.65625 35.15625
7.8125 35.15625
7.96875 35.15625
8.125 35.15625
8.28125 35.15625
8.4375 35.15625
8.59375 35.15625
8.75 35.15625
8.90625 35.15625
9.0625 35.15625
9.21875 35.15625
9.375 35.15625
6.875 35.0
7.03125 35.0
7.1875 35.0
7.34375 35.0
7.5 35.0
7.65625 35.0
7.8125 35.0
7.96875 35.0
8.125 35.0
8.28125 35.0
8.4375 35.0
8.59375 35.0
8.75 35.0
8.90625 35.0
9.0625 35.0
9.21875 35.0
9.375 35.0
6.875 34.84375
7.03125 34.84375
7.1875 34.84375
7.34375 34.84375
7.5 34.84375
7.65625 34.84375
7.8125 34.84375
7.96875 34.84375
8.125 34.84375
8.28125 34.84375
8.4375 34.84375
8.59375 34.84375
8.75 34.84375
8.90625 34.84375
9.0625 34.84375
9.21875 34.84375
9.375 34.84375
6.71875 34.6875
6.875 34.6875
7.03125 34.6875
7.1875 34.6875
7.34375 34.6875
7.5 34.6875
7.65625 34.6875
7.8125 34.6875
7.96875 34.6875
8.125 34.6875
8.28125 34.6875
8.4375 34.6875
8.59375 34.6875
8.75 34.6875
8.90625 34.6875
9.0625 34.6875
9.21875 34.6875
9.375 34.6875
6.71875 34.53125
6.875 34.53125
7.03125 34.53125
7.1875 34.53125
7.34375 34.53125
7.5 34.53125
7.65625 34.53125
7.8125 34.53125
7.96875 34.53125
8.125 34.53125
8.28125 34.53125
8.4375 34.53125
8.59375 34.53125
8.75 34.53125
8.90625 34.53125
6.71875 34.375
6.875 34.375
7.03125 34.375
7.1875 34.375
7.34375 34.375
7.5 34.375
7.65625 34.375
7.8125 34.375
7.96875 34.375
8.125 34.375
8.28125 34.375
8.4375 34.375
8.59375 34.375
8.75 34.375
8.90625 34.375
6.71875 34.21875
6.875 34.21875
7.03125 34.21875
7.1875 34.21875
7.34375 34.21875
7.5 34.21875
7.65625 34.21875
7.8125 34.21875
7.96875 34.21875
8.125 34.21875
8.28125 34.21875
6.71875 34.0625
6.875 34.0625
7.03125 34.0625
7.1875 34.0625
7.34375 34.0625
7.5 34.0625
7.65625 34.0625
7.8125 34.0625
7.96875 34.0625
8.125 34.0625
8.28125 34.0625
6.71875 33.90625
6.875 33.90625
7.03125 33.90625
7.1875 33.90625
7.34375 33.90625
7.5 33.90625
7.65625 33.90625
7.8125 33.90625
7.96875 33.90625
8.125 33.90625
8.28125 33.90625
6.71875 33.75
6.875 33.75
7.03125 33.75
7.1875 33.75
7.34375 33.75
7.5 33.75
6.71875 33.59375
6.875 33.59375
7.03125 33.59375
7.1875 33.59375
7.34375 33.59375
7.5 33.59375
6.5625 33.4375
6.71875 33.4375
6.875 33.4375
7.03125 33.4375
7.1875 33.4375
7.34375 33.4375
7.5 33.4375
6.5625 33.28125
6.71875 33.28125
6.875 33.28125
7.03125 33.28125
7.1875 33.28125
7.34375 33.28125
7.5 33.28125
6.5625 33.125
6.71875 33.125
6.875 33.125
7.03125 33.125
7.1875 33.125
7.34375 33.125
7.5 33.125
6.5625 32.96875
6.71875 32.96875
6.875 32.96875
7.03125 32.96875
7.1875 32.96875
7.34375 32.96875
7.5 32.96875
6.5625 32.8125
6.71875 32.8125
6.875 32.8125
7.03125 32.8125
7.1875 32.8125
7.34375 32.8125
7.5 32.8125
6.5625 32.65625
6.71875 32.65625
6.875 32.65625
7.03125 32.65625
7.1875 32.65625
7.34375 32.65625
7.5 32.65625
6.5625 32.5
6.71875 32.5
6.875 32.5
7.03125 32.5
6.40625 32.34375
6.5625 32.34375
6.71875 32.34375
6.875 32.34375
6.40625 32.1875
6.5625 32.1875
6.71875 32.1875
6.875 32.1875
6.40625 32.03125
6.5625 32.03125
6.71875 32.03125
6.875 32.03125
6.40625 31.875
6.5625 31.875
6.71875 31.875
6.875 31.875
6.40625 31.71875
6.5625 31.71875
6.71875 31.71875
6.875 31.71875
6.40625 31.5625
6.5625 31.5625
6.40625 31.40625
6.5625 31.40625
6.25 31.25
6.40625 31.25
6.5625 31.25
6.25 31.09375
6.40625 31.09375
6.5625 31.09375
6.25 30.9375
6.40625 30.9375
6.5625 30.9375
6.25 30.78125
6.40625 30.78125
6.5625 30.78125
6.25 30.625
6.40625 30.625
6.5625 30.625
6.25 30.46875
6.25 30.3125
6.09375 30.15625
6.25 30.15625
6.09375 30.0
6.25 30.0
6.09375 29.84375
6.25 29.84375
6.09375 29.6875
6.25 29.6875
6.09375 29.53125
6.25 29.53125
6.09375 29.375
6.09375 29.21875
6.09375 29.0625
5.9375 28.90625
6.09375 28.90625
5.9375 28.75
6.09375 28.75
5.9375 28.59375
6.09375 28.59375
5.9375 28.4375
5.9375 28.28125
5.9375 28.125
5.9375 27.96875
5.78125 27.8125
5.9375 27.8125
5.78125 27.65625
5.9375 27.65625
5.78125 27.5
5.78125 27.34375
5.78125 27.1875
5.78125 27.03125
5.78125 26.875
5.625 26.71875
5.78125 26.71875
5.625 26.5625
5.625 26.40625
5.625 26.25
5.625 26.09375
5.625 25.9375
5.625 25.78125
5.625 25.625
5.46875 25.46875
5.625 25.46875
5.46875 25.3125
5.46875 25.15625
5.46875 25.0
5.46875 24.84375
5.46875 24.6875
