3.90625 21.25
3.90625 21.09375
4.0625 21.09375
4.21875 21.09375
3.90625 20.9375
4.0625 20.9375
4.21875 20.9375
4.375 20.9375
4.53125 20.9375
3.90625 20.78125
4.0625 20.78125
4.21875 20.78125
4.375 20.78125
4.53125 20.78125
4.6875 20.78125
3.90625 20.625
4.0625 20.625
4.21875 20.625
4.375 20.625
4.53125 20.625
4.6875 20.625
4.84375 20.625
3.90625 20.46875
4.0625 20.46875
4.21875 20.46875
4.375 20.46875
4.53125 20.46875
4.6875 20.46875
4.84375 20.46875
3.90625 20.3125
4.0625 20.3125
4.21875 20.3125
4.375 20.3125
4.53125 20.3125
4.6875 20.3125
4.84375 20.3125
3.90625 20.15625
4.0625 20.15625
4.21875 20.15625
4.375 20.15625
4.53125 20.15625
4.6875 20.15625
4.84375 20.15625
3.90625 20.0
4.0625 20.0
4.21875 20.0
4.375 20.0
4.53125 20.0
4.6875 20.0
4.84375 20.0
5.0 20.0
3.90625 19.84375
4.0625 19.84375
4.21875 19.84375
4.375 19.84375
4.53125 19.84375
4.6875 19.84375
4.84375 19.84375
5.0 19.84375
3.90625 19.6875
4.0625 19.6875
4.21875 19.6875
4.375 19.6875
4.53125 19.6875
4.6875 19.6875
4.84375 19.6875
5.0 19.6875
3.90625 19.53125
4.0625 19.53125
4.21875 19.53125
4.375 19.53125
4.53125 19.53125
4.6875 19.53125
4.84375 19.53125
5.0 19.53125
3.90625 19.375
4.0625 19.375
4.21875 19.375
4.375 19.375
4.53125 19.375
4.6875 19.375
4.84375 19.375
5.0 19.375
3.90625 19.21875
4.0625 19.21875
4.21875 19.21875
4.375 19.21875
4.53125 19.21875
4.6875 19.21875
4.84375 19.21875
5.0 19.21875
3.90625 19.0625
4.0625 19.0625
4.21875 19.0625
4.375 19.0625
4.53125 19.0625
4.6875 19.0625
4.84375 19.0625
5.0 19.0625
3.90625 18.90625
4.0625 18.90625
4.21875 18.90625
4.375 18.90625
4.53125 18.90625
4.6875 18.90625
4.84375 18.90625
5.0 18.90625
3.90625 18.75
4.0625 18.75
4.21875 18.75
4.375 18.75
4.53125 18.75
4.6875 18.75
4.84375 18.75
5.0 18.75
5.15625 18.75
5.3125 18.75
5.46875 18.75
5.625 18.75
5.78125 18.75
3.90625 18.59375
4.0625 18.59375
4.21875 18.59375
4.375 18.59375
4.53125 18.59375
4.6875 18.59375
4.84375 18.59375
5.0 18.59375
5.15625 18.59375
5.3125 18.59375
5.46875 18.59375
5.625 18.59375
5.78125 18.59375
3.90625 18.4375
4.0625 18.4375
4.21875 18.4375
4.375 18.4375
4.53125 18.4375
4.6875 18.4375
4.84375 18.4375
5.0 18.4375
5.15625 18.4375
5.3125 18.4375
5.46875 18.4375
5.625 18.4375
5.78125 18.4375
3.90625 18.28125
4.0625 18.28125
4.21875 18.28125
4.375 18.28125
4.53125 18.28125
4.6875 18.28125
4.84375 18.28125
5.0 18.28125
5.15625 18.28125
5.3125 18.28125
5.46875 18.28125
5.625 18.28125
5.78125 18.28125
3.90625 18.125
4.0625 18.125
4.21875 18.125
4.375 18.125
4.53125 18.125
4.6875 18.125
4.84375 18.125
5.0 18.125
5.15625 18.125
5.3125 18.125
5.46875 18.125
5.625 18.125
5.78125 18.125
3.90625 17.96875
4.0625 17.96875
4.21875 17.96875
4.375 17.96875
4.53125 17.96875
4.6875 17.96875
4.84375 17.96875
5.0 17.96875
5.15625 17.96875
5.3125 17.96875
5.46875 17.96875
5.625 17.96875
5.78125 17.96875
3.90625 17.8125
4.0625 17.8125
4.21875 17.8125
4.375 17.8125
4.53125 17.8125
4.6875 17.8125
4.84375 17.8125
5.0 17.8125
5.15625 17.8125
5.3125 17.8125
5.46875 17.8125
5.625 17.8125
5.78125 17.8125
3.90625 17.65625
4.0625 17.65625
4.21875 17.65625
4.375 17.65625
4.53125 17.65625
4.6875 17.65625
4.84375 17.65625
5.0 17.65625
5.15625 17.65625
5.3125 17.65625
5.46875 17.65625
5.625 17.65625
5.78125 17.65625
3.90625 17.5
4.0625 17.5
4.21875 17.5
4.375 17.5
4.53125 17.5
4.6875 17.5
4.84375 17.5
5.0 17.5
5.15625 17.5
5.3125 17.5
5.46875 17.5
5.625 17.5
5.78125 17.5
5.9375 17.5
3.90625 17.34375
4.0625 17.34375
4.21875 17.34375
4.375 17.34375
4.53125 17.34375
4.6875 17.34375
4.84375 17.34375
5.0 17.34375
5.15625 17.34375
5.3125 17.34375
5.46875 17.34375
5.625 17.34375
5.78125 17.34375
5.9375 17.34375
6.09375 17.34375
6.25 17.34375
6.40625 17.34375
6.5625 17.34375
3.90625 17.1875
4.0625 17.1875
4.21875 17.1875
4.375 17.1875
4.53125 17.1875
4.6875 17.1875
4.84375 17.1875
5.0 17.1875
5.15625 17.1875
5.3125 17.1875
5.46875 17.1875
5.625 17.1875
5.78125 17.1875
5.9375 17.1875
6.09375 17.1875
6.25 17.1875
6.40625 17.1875
6.5625 17.1875
6.71875 17.1875
6.875 17.1875
3.90625 17.03125
4.0625 17.03125
4.21875 17.03125
4.375 17.03125
4.53125 17.03125
4.6875 17.03125
4.84375 17.03125
5.0 17.03125
5.15625 17.03125
5.3125 17.03125
5.46875 17.03125
5.625 17.03125
5.78125 17.03125
5.9375 17.03125
6.09375 17.03125
6.25 17.03125
6.40625 17.03125
6.5625 17.03125
6.71875 17.03125
6.875 17.03125
3.90625 16.875
4.0625 16.875
4.21875 16.875
4.375 16.875
4.53125 16.875
4.6875 16.875
4.84375 16.875
5.0 16.875
5.15625 16.875
5.3125 16.875
5.46875 16.875
5.625 16.875
5.78125 16.875
5.9375 16.875
6.09375 16.875
6.25 16.875
6.40625 16.875
6.5625 16.875
6.71875 16.875
6.875 16.875
3.90625 16.71875
4.0625 16.71875
4.21875 16.71875
4.375 16.71875
4.53125 16.71875
4.6875 16.71875
4.84375 16.71875
5.0 16.71875
5.15625 16.71875
5.3125 16.71875
5.46875 16.71875
5.625 16.71875
5.78125 16.71875
5.9375 16.71875
6.09375 16.71875
6.25 16.71875
6.40625 16.71875
6.5625 16.71875
6.71875 16.71875
6.875 16.71875
3.90625 16.5625
4.0625 16.5625
4.21875 16.5625
4.375 16.5625
4.53125 16.5625
4.6875 16.5625
4.84375 16.5625
5.0 16.5625
5.15625 16.5625
5.3125 16.5625
5.46875 16.5625
5.625 16.5625
5.78125 16.5625
5.9375 16.5625
6.09375 16.5625
6.25 16.5625
6.40625 16.5625
6.5625 16.5625
6.71875 16.5625
6.875 16.5625
3.90625 16.40625
4.0625 16.40625
4.21875 16.40625
4.375 16.40625
4.53125 16.40625
4.6875 16.40625
4.84375 16.40625
5.0 16.40625
5.15625 16.40625
5.3125 16.40625
5.46875 16.40625
5.625 16.40625
5.78125 16.40625
5.9375 16.40625
6.09375 16.40625
6.25 16.40625
6.40625 16.40625
6.5625 16.40625
6.71875 16.40625
6.875 16.40625
3.90625 16.25
4.0625 16.25
4.21875 16.25
4.375 16.25
4.53125 16.25
4.6875 16.25
4.84375 16.25
5.0 16.25
5.15625 16.25
5.3125 16.25
5.46875 16.25
5.625 16.25
5.78125 16.25
5.9375 16.25
6.09375 16.25
6.25 16.25
6.40625 16.25
6.5625 16.25
6.71875 16.25
6.875 16.25
3.90625 16.09375
4.0625 16.09375
4.21875 16.09375
4.375 16.09375
4.53125 16.09375
4.6875 16.09375
4.84375 16.09375
5.0 16.09375
5.15625 16.09375
5.3125 16.09375
5.46875 16.09375
5.625 16.09375
5.78125 16.09375
5.9375 16.09375
6.09375 16.09375
6.25 16.09375
6.40625 16.09375
6.5625 16.09375
6.71875 16.09375
6.875 16.09375
3.90625 15.9375
4.0625 15.9375
4.21875 15.9375
4.375 15.9375
4.53125 15.9375
4.6875 15.9375
4.84375 15.9375
5.0 15.9375
5.15625 15.9375
5.3125 15.9375
5.46875 15.9375
5.625 15.9375
5.78125 15.9375
5.9375 15.9375
6.09375 15.9375
6.25 15.9375
6.40625 15.9375
6.5625 15.9375
6.71875 15.9375
6.875 15.9375
3.90625 15.78125
4.0625 15.78125
4.21875 15.78125
4.375 15.78125
4.53125 15.78125
4.6875 15.78125
4.84375 15.78125
5.0 15.78125
5.15625 15.78125
5.3125 15.78125
5.46875 15.78125
5.625 15.78125
5.78125 15.78125
5.9375 15.78125
6.09375 15.78125
6.25 15.78125
6.40625 15.78125
6.5625 15.78125
6.71875 15.78125
6.875 15.78125
3.90625 15.625
4.0625 15.625
4.21875 15.625
4.375 15.625
4.53125 15.625
4.6875 15.625
4.84375 15.625
5.0 15.625
5.15625 15.625
5.3125 15.625
5.46875 15.625
5.625 15.625
5.78125 15.625
5.9375 15.625
6.09375 15.625
6.25 15.625
6.40625 15.625
6.5625 15.625
6.71875 15.625
6.875 15.625
3.90625 15.46875
4.0625 15.46875
4.21875 15.46875
4.375 15.46875
4.53125 15.46875
4.6875 15.46875
4.84375 15.46875
5.0 15.46875
5.15625 15.46875
5.3125 15.46875
5.46875 15.46875
5.625 15.46875
5.78125 15.46875
5.9375 15.46875
6.09375 15.46875
6.25 15.46875
6.40625 15.46875
6.5625 15.46875
6.71875 15.46875
6.875 15.46875
3.90625 15.3125
4.0625 15.3125
4.21875 15.3125
4.375 15.3125
4.53125 15.3125
4.6875 15.3125
4.84375 15.3125
5.0 15.3125
5.15625 15.3125
5.3125 15.3125
5.46875 15.3125
5.625 15.3125
5.78125 15.3125
5.9375 15.3125
6.09375 15.3125
6.25 15.3125
6.40625 15.3125
6.5625 15.3125
6.71875 15.3125
6.875 15.3125
3.90625 15.15625
4.0625 15.15625
4.21875 15.15625
4.375 15.15625
4.53125 15.15625
4.6875 15.15625
4.84375 15.15625
5.0 15.15625
5.15625 15.15625
5.3125 15.15625
5.46875 15.15625
5.625 15.15625
5.78125 15.15625
5.9375 15.15625
6.09375 15.15625
6.25 15.15625
6.40625 15.15625
6.5625 15.15625
6.71875 15.15625
6.875 15.15625
3.90625 15.0
4.0625 15.0
4.21875 15.0
4.375 15.0
4.53125 15.0
4.6875 15.0
4.84375 15.0
5.0 15.0
5.15625 15.0
5.3125 15.0
5.46875 15.0
5.625 15.0
5.78125 15.0
5.9375 15.0
6.09375 15.0
6.25 15.0
6.40625 15.0
6.5625 15.0
6.71875 15.0
6.875 15.0
3.90625 14.84375
4.0625 14.84375
4.21875 14.84375
4.375 14.84375
4.53125 14.84375
4.6875 14.84375
4.84375 14.84375
5.0 14.84375
5.15625 14.84375
5.3125 14.84375
5.46875 14.84375
5.625 14.84375
5.78125 14.84375
5.9375 14.84375
6.09375 14.84375
6.25 14.84375
6.40625 14.84375
6.5625 14.84375
6.71875 14.84375
6.875 14.84375
3.90625 14.6875
4.0625 14.6875
4.21875 14.6875
4.375 14.6875
4.53125 14.6875
4.6875 14.6875
4.84375 14.6875
5.0 14.6875
5.15625 14.6875
5.3125 14.6875
5.46875 14.6875
5.625 14.6875
5.78125 14.6875
5.9375 14.6875
6.09375 14.6875
6.25 14.6875
6.40625 14.6875
6.5625 14.6875
6.71875 14.6875
6.875 14.6875
3.90625 14.53125
4.0625 14.53125
4.21875 14.53125
4.375 14.53125
4.53125 14.53125
4.6875 14.53125
4.84375 14.53125
5.0 14.53125
5.15625 14.53125
5.3125 14.53125
5.46875 14.53125
5.625 14.53125
5.78125 14.53125
5.9375 14.53125
6.09375 14.53125
6.25 14.53125
6.40625 14.53125
6.5625 14.53125
6.71875 14.53125
6.875 14.53125
3.90625 14.375
4.0625 14.375
4.21875 14.375
4.375 14.375
4.53125 14.375
4.6875 14.375
4.84375 14.375
5.0 14.375
5.15625 14.375
5.3125 14.375
5.46875 14.375
5.625 14.375
5.78125 14.375
5.9375 14.375
6.09375 14.375
6.25 14.375
6.40625 14.375
6.5625 14.375
6.71875 14.375
6.875 14.375
3.90625 14.21875
4.0625 14.21875
4.21875 14.21875
4.375 14.21875
4.53125 14.21875
4.6875 14.21875
4.84375 14.21875
5.0 14.21875
5.15625 14.21875
5.3125 14.21875
5.46875 14.21875
5.625 14.21875
5.78125 14.21875
5.9375 14.21875
6.09375 14.21875
6.25 14.21875
6.40625 14.21875
6.5625 14.21875
6.71875 14.21875
6.875 14.21875
3.90625 14.0625
4.0625 14.0625
4.21875 14.0625
4.375 14.0625
4.53125 14.0625
4.6875 14.0625
4.84375 14.0625
5.0 14.0625
5.15625 14.0625
5.3125 14.0625
5.46875 14.0625
5.625 14.0625
5.78125 14.0625
5.9375 14.0625
6.09375 14.0625
6.25 14.0625
6.40625 14.0625
6.5625 14.0625
6.71875 14.0625
6.875 14.0625
3.90625 13.90625
4.0625 13.90625
4.21875 13.90625
4.375 13.90625
4.53125 13.90625
4.6875 13.90625
4.84375 13.90625
5.0 13.90625
5.15625 13.90625
5.3125 13.90625
5.46875 13.90625
5.625 13.90625
5.78125 13.90625
5.9375 13.90625
6.09375 13.90625
6.25 13.90625
6.40625 13.90625
6.5625 13.90625
6.71875 13.90625
6.875 13.90625
3.90625 13.75
4.0625 13.75
4.21875 13.75
4.375 13.75
4.53125 13.75
4.6875 13.75
4.84375 13.75
5.0 13.75
5.15625 13.75
5.3125 13.75
5.46875 13.75
5.625 13.75
5.78125 13.75
5.9375 13.75
6.09375 13.75
6.25 13.75
6.40625 13.75
6.5625 13.75
6.71875 13.75
6.875 13.75
3.90625 13.59375
4.0625 13.59375
4.21875 13.59375
4.375 13.59375
4.53125 13.59375
4.6875 13.59375
4.84375 13.59375
5.0 13.59375
5.15625 13.59375
5.3125 13.59375
5.46875 13.59375
5.625 13.59375
5.78125 13.59375
5.9375 13.59375
6.09375 13.59375
6.25 13.59375
6.40625 13.59375
6.5625 13.59375
6.71875 13.59375
6.875 13.59375
3.90625 13.4375
4.0625 13.4375
4.21875 13.4375
4.375 13.4375
4.53125 13.4375
4.6875 13.4375
4.84375 13.4375
5.0 13.4375
5.15625 13.4375
5.3125 13.4375
5.46875 13.4375
5.625 13.4375
5.78125 13.4375
5.9375 13.4375
6.09375 13.4375
6.25 13.4375
6.40625 13.4375
6.5625 13.4375
6.71875 13.4375
6.875 13.4375
3.90625 13.28125
4.0625 13.28125
4.21875 13.28125
4.375 13.28125
4.53125 13.28125
4.6875 13.28125
4.84375 13.28125
5.0 13.28125
5.15625 13.28125
5.3125 13.28125
5.46875 13.28125
5.625 13.28125
5.78125 13.28125
5.9375 13.28125
6.09375 13.28125
6.25 13.28125
6.40625 13.28125
6.5625 13.28125
6.71875 13.28125
3.90625 13.125
4.0625 13.125
4.21875 13.125
4.375 13.125
4.53125 13.125
4.6875 13.125
4.84375 13.125
5.0 13.125
5.15625 13.125
5.3125 13.125
5.46875 13.125
5.625 13.125
5.78125 13.125
5.9375 13.125
6.09375 13.125
6.25 13.125
6.40625 13.125
6.5625 13.125
6.71875 13.125
3.90625 12.96875
4.0625 12.96875
4.21875 12.96875
4.375 12.96875
4.53125 12.96875
4.6875 12.96875
4.84375 12.96875
5.0 12.96875
5.15625 12.96875
5.3125 12.96875
5.46875 12.96875
5.625 12.96875
5.78125 12.96875
5.9375 12.96875
6.09375 12.96875
3.90625 12.8125
4.0625 12.8125
4.21875 12.8125
4.375 12.8125
4.53125 12.8125
4.6875 12.8125
4.84375 12.8125
5.0 12.8125
5.15625 12.8125
5.3125 12.8125
5.46875 12.8125
5.625 12.8125
5.78125 12.8125
5.9375 12.8125
6.09375 12.8125
3.90625 12.65625
4.0625 12.65625
4.21875 12.65625
4.375 12.65625
4.53125 12.65625
4.6875 12.65625
4.84375 12.65625
5.0 12.65625
5.15625 12.65625
5.3125 12.65625
5.46875 12.65625
5.625 12.65625
5.78125 12.65625
5.9375 12.65625
6.09375 12.65625
3.90625 12.5
4.0625 12.5
4.21875 12.5
4.375 12.5
4.53125 12.5
4.6875 12.5
4.84375 12.5
5.0 12.5
5.15625 12.5
5.3125 12.5
5.46875 12.5
5.625 12.5
5.78125 12.5
5.9375 12.5
6.09375 12.5
3.90625 12.34375
4.0625 12.34375
4.21875 12.34375
4.375 12.34375
4.53125 12.34375
4.6875 12.34375
4.84375 12.34375
5.0 12.34375
5.15625 12.34375
5.3125 12.34375
5.46875 12.34375
5.625 12.34375
5.78125 12.34375
5.9375 12.34375
6.09375 12.34375
3.90625 12.1875
4.0625 12.1875
4.21875 12.1875
4.375 12.1875
4.53125 12.1875
4.6875 12.1875
4.84375 12.1875
5.0 12.1875
5.15625 12.1875
5.3125 12.1875
5.46875 12.1875
5.625 12.1875
5.78125 12.1875
5.9375 12.1875
6.09375 12.1875
3.90625 12.03125
4.0625 12.03125
4.21875 12.03125
4.375 12.03125
4.53125 12.03125
4.6875 12.03125
4.84375 12.03125
5.0 12.03125
5.15625 12.03125
5.3125 12.03125
5.46875 12.03125
5.625 12.03125
5.78125 12.03125
5.9375 12.03125
6.09375 12.03125
3.90625 11.875
4.0625 11.875
4.21875 11.875
4.375 11.875
4.53125 11.875
4.6875 11.875
4.84375 11.875
5.0 11.875
5.15625 11.875
5.3125 11.875
5.46875 11.875
5.625 11.875
5.78125 11.875
5.9375 11.875
6.09375 11.875
3.90625 11.71875
4.0625 11.71875
4.21875 11.71875
4.375 11.71875
4.53125 11.71875
4.6875 11.71875
4.84375 11.71875
5.0 11.71875
5.15625 11.71875
5.3125 11.71875
3.90625 11.5625
4.0625 11.5625
4.21875 11.5625
4.375 11.5625
4.53125 11.5625
4.6875 11.5625
4.84375 11.5625
5.0 11.5625
5.15625 11.5625
5.3125 11.5625
3.90625 11.40625
4.0625 11.40625
4.21875 11.40625
4.375 11.40625
4.53125 11.40625
4.6875 11.40625
4.84375 11.40625
5.0 11.40625
5.15625 11.40625
5.3125 11.40625
3.90625 11.25
4.0625 11.25
4.21875 11.25
4.375 11.25
4.53125 11.25
4.6875 11.25
4.84375 11.25
5.0 11.25
5.15625 11.25
3.90625 11.09375
4.0625 11.09375
4.21875 11.09375
4.375 11.09375
4.53125 11.09375
4.6875 11.09375
4.84375 11.09375
3.90625 10.9375
4.0625 10.9375
4.21875 10.9375
4.375 10.9375
4.53125 10.9375
4.6875 10.9375
4.84375 10.9375
3.90625 10.78125
4.0625 10.78125
4.21875 10.78125
4.375 10.78125
3.90625 10.625
4.0625 10.625
4.21875 10.625
3.90625 10.46875
4.0625 10.46875
4.21875 10.46875
3.90625 10.3125
4.0625 10.3125
