2.03125 25.625
2.03125 25.46875
2.03125 25.3125
2.03125 25.15625
2.03125 25.0
2.03125 24.84375
2.1875 24.84375
2.03125 24.6875
2.1875 24.6875
2.03125 24.53125
2.1875 24.53125
2.03125 24.375
2.1875 24.375
2.34375 24.375
2.03125 24.21875
2.1875 24.21875
2.34375 24.21875
2.5 24.21875
2.03125 24.0625
2.1875 24.0625
2.34375 24.0625
2.5 24.0625
2.03125 23.90625
2.1875 23.90625
2.34375 23.90625
2.5 23.90625
2.03125 23.75
2.1875 23.75
2.34375 23.75
2.5 23.75
2.65625 23.75
2.03125 23.59375
2.1875 23.59375
2.34375 23.59375
2.5 23.59375
2.65625 23.59375
2.8125 23.59375
2.03125 23.4375
2.1875 23.4375
2.34375 23.4375
2.5 23.4375
2.65625 23.4375
2.8125 23.4375
2.96875 23.4375
3.125 23.4375
2.03125 23.28125
2.1875 23.28125
2.34375 23.28125
2.5 23.28125
2.65625 23.28125
2.8125 23.28125
2.96875 23.28125
3.125 23.28125
3.28125 23.28125
2.03125 23.125
2.1875 23.125
2.34375 23.125
2.5 23.125
2.65625 23.125
2.8125 23.125
2.96875 23.125
3.125 23.125
3.28125 23.125
2.03125 22.96875
2.1875 22.96875
2.34375 22.96875
2.5 22.96875
2.65625 22.96875
2.8125 22.96875
2.96875 22.96875
3.125 22.96875
3.28125 22.96875
2.03125 22.8125
2.1875 22.8125
2.34375 22.8125
2.5 22.8125
2.65625 22.8125
2.8125 22.8125
2.96875 22.8125
3.125 22.8125
3.28125 22.8125
2.03125 22.65625
2.1875 22.65625
2.34375 22.65625
2.5 22.65625
2.65625 22.65625
2.8125 22.65625
2.96875 22.65625
3.125 22.65625
3.28125 22.65625
2.03125 22.5
2.1875 22.5
2.34375 22.5
2.5 22.5
2.65625 22.5
2.8125 22.5
2.96875 22.5
3.125 22.5
3.28125 22.5
2.03125 22.34375
2.1875 22.34375
2.34375 22.34375
2.5 22.34375
2.65625 22.34375
2.8125 22.34375
2.96875 22.34375
3.125 22.34375
3.28125 22.34375
2.03125 22.1875
2.1875 22.1875
2.34375 22.1875
2.5 22.1875
2.65625 22.1875
2.8125 22.1875
2.96875 22.1875
3.125 22.1875
3.28125 22.1875
2.03125 22.03125
2.1875 22.03125
2.34375 22.03125
2.5 22.03125
2.65625 22.03125
2.8125 22.03125
2.96875 22.03125
3.125 22.03125
3.28125 22.03125
2.03125 21.875
2.1875 21.875
2.34375 21.875
2.5 21.875
2.65625 21.875
2.8125 21.875
2.96875 21.875
3.125 21.875
3.28125 21.875
2.03125 21.71875
2.1875 21.71875
2.34375 21.71875
2.5 21.71875
2.65625 21.71875
2.8125 21.71875
2.96875 21.71875
3.125 21.71875
3.28125 21.71875
2.03125 21.5625
2.1875 21.5625
2.34375 21.5625
2.5 21.5625
2.65625 21.5625
2.8125 21.5625
2.96875 21.5625
3.125 21.5625
3.28125 21.5625
2.03125 21.40625
2.1875 21.40625
2.34375 21.40625
2.5 21.40625
2.65625 21.40625
2.8125 21.40625
2.96875 21.40625
3.125 21.40625
3.28125 21.40625
2.03125 21.25
2.1875 21.25
2.34375 21.25
2.5 21.25
2.65625 21.25
2.8125 21.25
2.96875 21.25
3.125 21.25
3.28125 21.25
2.03125 21.09375
2.1875 21.09375
2.34375 21.09375
2.5 21.09375
2.65625 21.09375
2.8125 21.09375
2.96875 21.09375
3.125 21.09375
3.28125 21.09375
2.03125 20.9375
2.1875 20.9375
2.34375 20.9375
2.5 20.9375
2.65625 20.9375
2.8125 20.9375
2.96875 20.9375
3.125 20.9375
3.28125 20.9375
2.03125 20.78125
2.1875 20.78125
2.34375 20.78125
2.5 20.78125
2.65625 20.78125
2.8125 20.78125
2.96875 20.78125
3.125 20.78125
3.28125 20.78125
2.03125 20.625
2.1875 20.625
2.34375 20.625
2.5 20.625
2.65625 20.625
2.8125 20.625
2.96875 20.625
3.125 20.625
3.28125 20.625
2.03125 20.46875
2.1875 20.46875
2.34375 20.46875
2.5 20.46875
2.65625 20.46875
2.8125 20.46875
2.96875 20.46875
3.125 20.46875
3.28125 20.46875
2.03125 20.3125
2.1875 20.3125
2.34375 20.3125
2.5 20.3125
2.65625 20.3125
2.8125 20.3125
2.96875 20.3125
3.125 20.3125
3.28125 20.3125
2.03125 20.15625
2.1875 20.15625
2.34375 20.15625
2.5 20.15625
2.65625 20.15625
2.8125 20.15625
2.96875 20.15625
3.125 20.15625
3.28125 20.15625
2.03125 20.0
2.1875 20.0
2.34375 20.0
2.5 20.0
2.65625 20.0
2.8125 20.0
2.96875 20.0
3.125 20.0
3.28125 20.0
2.03125 19.84375
2.1875 19.84375
2.34375 19.84375
2.5 19.84375
2.65625 19.84375
2.8125 19.84375
2.96875 19.84375
3.125 19.84375
3.28125 19.84375
2.03125 19.6875
2.1875 19.6875
2.34375 19.6875
2.5 19.6875
2.65625 19.6875
2.8125 19.6875
2.96875 19.6875
3.125 19.6875
3.28125 19.6875
2.03125 19.53125
2.1875 19.53125
2.34375 19.53125
2.5 19.53125
2.65625 19.53125
2.8125 19.53125
2.96875 19.53125
3.125 19.53125
3.28125 19.53125
2.03125 19.375
2.1875 19.375
2.34375 19.375
2.5 19.375
2.65625 19.375
2.8125 19.375
2.96875 19.375
3.125 19.375
3.28125 19.375
2.03125 19.21875
2.1875 19.21875
2.34375 19.21875
2.5 19.21875
2.65625 19.21875
2.8125 19.21875
2.96875 19.21875
3.125 19.21875
3.28125 19.21875
2.03125 19.0625
2.1875 19.0625
2.34375 19.0625
2.5 19.0625
2.65625 19.0625
2.8125 19.0625
2.96875 19.0625
3.125 19.0625
3.28125 19.0625
2.03125 18.90625
2.1875 18.90625
2.34375 18.90625
2.5 18.90625
2.65625 18.90625
2.8125 18.90625
2.96875 18.90625
3.125 18.90625
3.28125 18.90625
2.03125 18.75
2.1875 18.75
2.34375 18.75
2.5 18.75
2.65625 18.75
2.8125 18.75
2.96875 18.75
3.125 18.75
3.28125 18.75
2.03125 18.59375
2.1875 18.59375
2.34375 18.59375
2.5 18.59375
2.65625 18.59375
2.8125 18.59375
2.96875 18.59375
3.125 18.59375
3.28125 18.59375
2.03125 18.4375
2.1875 18.4375
2.34375 18.4375
2.5 18.4375
2.65625 18.4375
2.8125 18.4375
2.96875 18.4375
3.125 18.4375
3.28125 18.4375
2.03125 18.28125
2.1875 18.28125
2.34375 18.28125
2.5 18.28125
2.65625 18.28125
2.8125 18.28125
2.96875 18.28125
3.125 18.28125
3.28125 18.28125
2.03125 18.125
2.1875 18.125
2.34375 18.125
2.5 18.125
2.65625 18.125
2.8125 18.125
2.96875 18.125
3.125 18.125
3.28125 18.125
2.03125 17.96875
2.1875 17.96875
2.34375 17.96875
2.5 17.96875
2.65625 17.96875
2.8125 17.96875
2.96875 17.96875
3.125 17.96875
3.28125 17.96875
2.03125 17.8125
2.1875 17.8125
2.34375 17.8125
2.5 17.8125
2.65625 17.8125
2.8125 17.8125
2.96875 17.8125
3.125 17.8125
3.28125 17.8125
2.03125 17.65625
2.1875 17.65625
2.34375 17.65625
2.5 17.65625
2.65625 17.65625
2.8125 17.65625
2.96875 17.65625
3.125 17.65625
3.28125 17.65625
2.03125 17.5
2.1875 17.5
2.34375 17.5
2.5 17.5
2.65625 17.5
2.8125 17.5
2.96875 17.5
3.125 17.5
3.28125 17.5
2.03125 17.34375
2.1875 17.34375
2.34375 17.34375
2.5 17.34375
2.65625 17.34375
2.8125 17.34375
2.96875 17.34375
3.125 17.34375
3.28125 17.34375
2.03125 17.1875
2.1875 17.1875
2.34375 17.1875
2.5 17.1875
2.65625 17.1875
2.8125 17.1875
2.96875 17.1875
3.125 17.1875
3.28125 17.1875
2.03125 17.03125
2.1875 17.03125
2.34375 17.03125
2.5 17.03125
2.65625 17.03125
2.8125 17.03125
2.96875 17.03125
3.125 17.03125
3.28125 17.03125
2.03125 16.875
2.1875 16.875
2.34375 16.875
2.5 16.875
2.65625 16.875
2.8125 16.875
2.96875 16.875
3.125 16.875
3.28125 16.875
2.03125 16.71875
2.1875 16.71875
2.34375 16.71875
2.5 16.71875
2.65625 16.71875
2.8125 16.71875
2.96875 16.71875
3.125 16.71875
3.28125 16.71875
2.03125 16.5625
2.1875 16.5625
2.34375 16.5625
2.5 16.5625
2.65625 16.5625
2.8125 16.5625
2.96875 16.5625
3.125 16.5625
3.28125 16.5625
2.03125 16.40625
2.1875 16.40625
2.34375 16.40625
2.5 16.40625
2.65625 16.40625
2.8125 16.40625
2.96875 16.40625
3.125 16.40625
3.28125 16.40625
2.03125 16.25
2.1875 16.25
2.34375 16.25
2.5 16.25
2.65625 16.25
2.8125 16.25
2.96875 16.25
3.125 16.25
3.28125 16.25
2.03125 16.09375
2.1875 16.09375
2.34375 16.09375
2.5 16.09375
2.65625 16.09375
2.8125 16.09375
2.96875 16.09375
3.125 16.09375
3.28125 16.09375
2.03125 15.9375
2.1875 15.9375
2.34375 15.9375
2.5 15.9375
2.65625 15.9375
2.8125 15.9375
2.96875 15.9375
3.125 15.9375
3.28125 15.9375
2.03125 15.78125
2.1875 15.78125
2.34375 15.78125
2.5 15.78125
2.65625 15.78125
2.8125 15.78125
2.96875 15.78125
3.125 15.78125
3.28125 15.78125
2.03125 15.625
2.1875 15.625
2.34375 15.625
2.5 15.625
2.65625 15.625
2.8125 15.625
2.96875 15.625
3.125 15.625
3.28125 15.625
2.03125 15.46875
2.1875 15.46875
2.34375 15.46875
2.5 15.46875
2.65625 15.46875
2.8125 15.46875
2.96875 15.46875
3.125 15.46875
3.28125 15.46875
2.03125 15.3125
2.1875 15.3125
2.34375 15.3125
2.5 15.3125
2.65625 15.3125
2.8125 15.3125
2.96875 15.3125
3.125 15.3125
3.28125 15.3125
2.03125 15.15625
2.1875 15.15625
2.34375 15.15625
2.5 15.15625
2.65625 15.15625
2.8125 15.15625
2.96875 15.15625
3.125 15.15625
3.28125 15.15625
2.03125 15.0
2.1875 15.0
2.34375 15.0
2.5 15.0
2.65625 15.0
2.8125 15.0
2.96875 15.0
3.125 15.0
3.28125 15.0
2.03125 14.84375
2.1875 14.84375
2.34375 14.84375
2.5 14.84375
2.65625 14.84375
2.8125 14.84375
2.96875 14.84375
3.125 14.84375
3.28125 14.84375
2.03125 14.6875
2.1875 14.6875
2.34375 14.6875
2.5 14.6875
2.65625 14.6875
2.8125 14.6875
2.96875 14.6875
3.125 14.6875
3.28125 14.6875
2.03125 14.53125
2.1875 14.53125
2.34375 14.53125
2.5 14.53125
2.65625 14.53125
2.8125 14.53125
2.96875 14.53125
3.125 14.53125
3.28125 14.53125
2.03125 14.375
2.1875 14.375
2.34375 14.375
2.5 14.375
2.65625 14.375
2.8125 14.375
2.96875 14.375
3.125 14.375
3.28125 14.375
2.03125 14.21875
2.1875 14.21875
2.34375 14.21875
2.5 14.21875
2.65625 14.21875
2.8125 14.21875
2.96875 14.21875
3.125 14.21875
3.28125 14.21875
2.03125 14.0625
2.1875 14.0625
2.34375 14.0625
2.5 14.0625
2.65625 14.0625
2.8125 14.0625
2.96875 14.0625
3.125 14.0625
3.28125 14.0625
2.03125 13.90625
2.1875 13.90625
2.34375 13.90625
2.5 13.90625
2.65625 13.90625
2.8125 13.90625
2.96875 13.90625
3.125 13.90625
3.28125 13.90625
2.03125 13.75
2.1875 13.75
2.34375 13.75
2.5 13.75
2.65625 13.75
2.8125 13.75
2.96875 13.75
3.125 13.75
3.28125 13.75
2.03125 13.59375
2.1875 13.59375
2.34375 13.59375
2.5 13.59375
2.65625 13.59375
2.8125 13.59375
2.96875 13.59375
3.125 13.59375
3.28125 13.59375
2.03125 13.4375
2.1875 13.4375
2.34375 13.4375
2.5 13.4375
2.65625 13.4375
2.8125 13.4375
2.96875 13.4375
3.125 13.4375
3.28125 13.4375
2.03125 13.28125
2.1875 13.28125
2.34375 13.28125
2.5 13.28125
2.65625 13.28125
2.8125 13.28125
2.96875 13.28125
3.125 13.28125
3.28125 13.28125
2.03125 13.125
2.1875 13.125
2.34375 13.125
2.5 13.125
2.65625 13.125
2.8125 13.125
2.96875 13.125
3.125 13.125
3.28125 13.125
2.03125 12.96875
2.1875 12.96875
2.34375 12.96875
2.5 12.96875
2.65625 12.96875
2.8125 12.96875
2.96875 12.96875
3.125 12.96875
3.28125 12.96875
2.03125 12.8125
2.1875 12.8125
2.34375 12.8125
2.5 12.8125
2.65625 12.8125
2.8125 12.8125
2.96875 12.8125
3.125 12.8125
3.28125 12.8125
2.03125 12.65625
2.1875 12.65625
2.34375 12.65625
2.5 12.65625
2.65625 12.65625
2.8125 12.65625
2.96875 12.65625
3.125 12.65625
3.28125 12.65625
2.03125 12.5
2.1875 12.5
2.34375 12.5
2.5 12.5
2.65625 12.5
2.8125 12.5
2.96875 12.5
3.125 12.5
3.28125 12.5
2.03125 12.34375
2.1875 12.34375
2.34375 12.34375
2.5 12.34375
2.65625 12.34375
2.8125 12.34375
2.96875 12.34375
3.125 12.34375
3.28125 12.34375
2.03125 12.1875
2.1875 12.1875
2.34375 12.1875
2.5 12.1875
2.65625 12.1875
2.8125 12.1875
2.96875 12.1875
3.125 12.1875
3.28125 12.1875
2.03125 12.03125
2.1875 12.03125
2.34375 12.03125
2.5 12.03125
2.65625 12.03125
2.8125 12.03125
2.96875 12.03125
3.125 12.03125
3.28125 12.03125
2.03125 11.875
2.1875 11.875
2.34375 11.875
2.5 11.875
2.65625 11.875
2.8125 11.875
2.96875 11.875
3.125 11.875
3.28125 11.875
2.03125 11.71875
2.1875 11.71875
2.34375 11.71875
2.5 11.71875
2.65625 11.71875
2.8125 11.71875
2.96875 11.71875
3.125 11.71875
3.28125 11.71875
2.03125 11.5625
2.1875 11.5625
2.34375 11.5625
2.5 11.5625
2.65625 11.5625
2.8125 11.5625
2.96875 11.5625
3.125 11.5625
3.28125 11.5625
2.03125 11.40625
2.1875 11.40625
2.34375 11.40625
2.5 11.40625
2.65625 11.40625
2.8125 11.40625
2.96875 11.40625
3.125 11.40625
3.28125 11.40625
2.03125 11.25
2.1875 11.25
2.34375 11.25
2.5 11.25
2.65625 11.25
2.8125 11.25
2.96875 11.25
3.125 11.25
3.28125 11.25
2.03125 11.09375
2.1875 11.09375
2.34375 11.09375
2.5 11.09375
2.65625 11.09375
2.8125 11.09375
2.96875 11.09375
3.125 11.09375
3.28125 11.09375
2.03125 10.9375
2.1875 10.9375
2.34375 10.9375
2.5 10.9375
2.65625 10.9375
2.8125 10.9375
2.96875 10.9375
3.125 10.9375
3.28125 10.9375
2.03125 10.78125
2.1875 10.78125
2.34375 10.78125
2.5 10.78125
2.65625 10.78125
2.8125 10.78125
2.96875 10.78125
3.125 10.78125
3.28125 10.78125
2.03125 10.625
2.1875 10.625
2.34375 10.625
2.5 10.625
2.65625 10.625
2.8125 10.625
2.96875 10.625
3.125 10.625
3.28125 10.625
2.03125 10.46875
2.1875 10.46875
2.34375 10.46875
2.5 10.46875
2.65625 10.46875
2.8125 10.46875
2.96875 10.46875
3.125 10.46875
3.28125 10.46875
2.03125 10.3125
2.1875 10.3125
2.34375 10.3125
2.5 10.3125
2.65625 10.3125
2.8125 10.3125
2.96875 10.3125
3.125 10.3125
3.28125 10.3125
2.03125 10.15625
2.1875 10.15625
2.34375 10.15625
2.5 10.15625
2.65625 10.15625
2.8125 10.15625
2.96875 10.15625
3.125 10.15625
3.28125 10.15625
2.03125 10.0
2.1875 10.0
2.34375 10.0
2.5 10.0
2.65625 10.0
2.8125 10.0
2.96875 10.0
3.125 10.0
3.28125 10.0
2.03125 9.84375
2.1875 9.84375
2.34375 9.84375
2.5 9.84375
2.65625 9.84375
2.8125 9.84375
2.96875 9.84375
3.125 9.84375
3.28125 9.84375
2.03125 9.6875
2.1875 9.6875
2.34375 9.6875
2.5 9.6875
2.65625 9.6875
2.8125 9.6875
2.96875 9.6875
3.125 9.6875
3.28125 9.6875
2.03125 9.53125
2.1875 9.53125
2.34375 9.53125
2.5 9.53125
2.65625 9.53125
2.8125 9.53125
2.96875 9.53125
3.125 9.53125
3.28125 9.53125
2.03125 9.375
2.1875 9.375
2.34375 9.375
2.5 9.375
2.65625 9.375
2.8125 9.375
2.96875 9.375
3.125 9.375
3.28125 9.375
2.03125 9.21875
2.1875 9.21875
2.34375 9.21875
2.5 9.21875
2.65625 9.21875
2.8125 9.21875
2.96875 9.21875
3.125 9.21875
3.28125 9.21875
2.03125 9.0625
2.1875 9.0625
2.34375 9.0625
2.5 9.0625
2.65625 9.0625
2.8125 9.0625
2.96875 9.0625
2.03125 8.90625
2.1875 8.90625
2.34375 8.90625
2.5 8.90625
2.65625 8.90625
2.8125 8.90625
2.03125 8.75
2.1875 8.75
2.34375 8.75
2.5 8.75
2.65625 8.75
2.8125 8.75
2.03125 8.59375
2.1875 8.59375
2.34375 8.59375
2.03125 8.4375
2.1875 8.4375
2.34375 8.4375
2.03125 8.28125
2.1875 8.28125
2.34375 8.28125
2.03125 8.125
2.1875 8.125
2.03125 7.96875
2.1875 7.96875
2.03125 7.8125
2.1875 7.8125
2.03125 7.65625
2.03125 7.5
2.03125 7.34375
