10.0 39.84375
10.15625 39.84375
10.3125 39.84375
10.46875 39.84375
10.625 39.84375
10.78125 39.84375
10.9375 39.84375
11.09375 39.84375
11.25 39.84375
11.40625 39.84375
11.5625 39.84375
11.71875 39.84375
11.875 39.84375
12.03125 39.84375
12.1875 39.84375
12.34375 39.84375
12.5 39.84375
12.65625 39.84375
12.8125 39.84375
12.96875 39.84375
13.125 39.84375
13.28125 39.84375
13.4375 39.84375
13.59375 39.84375
13.75 39.84375
13.90625 39.84375
14.0625 39.84375
14.21875 39.84375
14.375 39.84375
14.53125 39.84375
14.6875 39.84375
14.84375 39.84375
15.0 39.84375
15.15625 39.84375
10.0 39.6875
10.15625 39.6875
10.3125 39.6875
10.46875 39.6875
10.625 39.6875
10.78125 39.6875
10.9375 39.6875
11.09375 39.6875
11.25 39.6875
11.40625 39.6875
11.5625 39.6875
11.71875 39.6875
11.875 39.6875
12.03125 39.6875
12.1875 39.6875
12.34375 39.6875
12.5 39.6875
12.65625 39.6875
12.8125 39.6875
12.96875 39.6875
13.125 39.6875
13.28125 39.6875
13.4375 39.6875
13.59375 39.6875
13.75 39.6875
13.90625 39.6875
14.0625 39.6875
14.21875 39.6875
14.375 39.6875
14.53125 39.6875
14.6875 39.6875
14.84375 39.6875
15.0 39.6875
15.15625 39.6875
10.0 39.53125
10.15625 39.53125
10.3125 39.53125
10.46875 39.53125
10.625 39.53125
10.78125 39.53125
10.9375 39.53125
11.09375 39.53125
11.25 39.53125
11.40625 39.53125
11.5625 39.53125
11.71875 39.53125
11.875 39.53125
12.03125 39.53125
12.1875 39.53125
12.34375 39.53125
12.5 39.53125
12.65625 39.53125
12.8125 39.53125
12.96875 39.53125
13.125 39.53125
13.28125 39.53125
13.4375 39.53125
13.59375 39.53125
13.75 39.53125
13.90625 39.53125
14.0625 39.53125
14.21875 39.53125
14.375 39.53125
14.53125 39.53125
14.6875 39.53125
14.84375 39.53125
15.0 39.53125
15.15625 39.53125
9.84375 39.375
10.0 39.375
10.15625 39.375
10.3125 39.375
10.46875 39.375
10.625 39.375
10.78125 39.375
10.9375 39.375
11.09375 39.375
11.25 39.375
11.40625 39.375
11.5625 39.375
11.71875 39.375
11.875 39.375
12.03125 39.375
12.1875 39.375
12.34375 39.375
12.5 39.375
12.65625 39.375
12.8125 39.375
12.96875 39.375
13.125 39.375
13.28125 39.375
13.4375 39.375
13.59375 39.375
13.75 39.375
13.90625 39.375
14.0625 39.375
14.21875 39.375
14.375 39.375
14.53125 39.375
14.6875 39.375
14.84375 39.375
15.0 39.375
15.15625 39.375
9.84375 39.21875
10.0 39.21875
10.15625 39.21875
10.3125 39.21875
10.46875 39.21875
10.625 39.21875
10.78125 39.21875
10.9375 39.21875
11.09375 39.21875
11.25 39.21875
11.40625 39.21875
11.5625 39.21875
11.71875 39.21875
11.875 39.21875
12.03125 39.21875
12.1875 39.21875
12.34375 39.21875
12.5 39.21875
12.65625 39.21875
12.8125 39.21875
12.96875 39.21875
13.125 39.21875
13.28125 39.21875
13.4375 39.21875
13.59375 39.21875
13.75 39.21875
13.90625 39.21875
14.0625 39.21875
14.21875 39.21875
14.375 39.21875
14.53125 39.21875
14.6875 39.21875
14.84375 39.21875
15.0 39.21875
15.15625 39.21875
9.84375 39.0625
10.0 39.0625
10.15625 39.0625
10.3125 39.0625
10.46875 39.0625
10.625 39.0625
10.78125 39.0625
10.9375 39.0625
11.09375 39.0625
11.25 39.0625
11.40625 39.0625
11.5625 39.0625
11.71875 39.0625
11.875 39.0625
12.03125 39.0625
12.1875 39.0625
12.34375 39.0625
12.5 39.0625
12.65625 39.0625
12.8125 39.0625
12.96875 39.0625
13.125 39.0625
13.28125 39.0625
13.4375 39.0625
13.59375 39.0625
13.75 39.0625
13.90625 39.0625
14.0625 39.0625
14.21875 39.0625
14.375 39.0625
14.53125 39.0625
14.6875 39.0625
14.84375 39.0625
15.0 39.0625
15.15625 39.0625
9.84375 38.90625
10.0 38.90625
10.15625 38.90625
10.3125 38.90625
10.46875 38.90625
10.625 38.90625
10.78125 38.90625
10.9375 38.90625
11.09375 38.90625
11.25 38.90625
11.40625 38.90625
11.5625 38.90625
11.71875 38.90625
11.875 38.90625
12.03125 38.90625
12.1875 38.90625
12.34375 38.90625
12.5 38.90625
12.65625 38.90625
12.8125 38.90625
12.96875 38.90625
13.125 38.90625
13.28125 38.90625
13.4375 38.90625
13.59375 38.90625
13.75 38.90625
13.90625 38.90625
14.0625 38.90625
14.21875 38.90625
14.375 38.90625
14.53125 38.90625
14.6875 38.90625
14.84375 38.90625
15.0 38.90625
15.15625 38.90625
9.84375 38.75
10.0 38.75
10.15625 38.75
10.3125 38.75
10.46875 38.75
10.625 38.75
10.78125 38.75
10.9375 38.75
11.09375 38.75
11.25 38.75
11.40625 38.75
11.5625 38.75
11.71875 38.75
11.875 38.75
12.03125 38.75
12.1875 38.75
12.34375 38.75
12.5 38.75
12.65625 38.75
12.8125 38.75
12.96875 38.75
13.125 38.75
13.28125 38.75
13.4375 38.75
13.59375 38.75
13.75 38.75
13.90625 38.75
14.0625 38.75
14.21875 38.75
14.375 38.75
14.53125 38.75
14.6875 38.75
14.84375 38.75
15.0 38.75
15.15625 38.75
9.6875 38.59375
9.84375 38.59375
10.0 38.59375
10.15625 38.59375
10.3125 38.59375
10.46875 38.59375
10.625 38.59375
10.78125 38.59375
10.9375 38.59375
11.09375 38.59375
11.25 38.59375
11.40625 38.59375
11.5625 38.59375
11.71875 38.59375
11.875 38.59375
12.03125 38.59375
12.1875 38.59375
12.34375 38.59375
12.5 38.59375
12.65625 38.59375
12.8125 38.59375
12.96875 38.59375
13.125 38.59375
13.28125 38.59375
13.4375 38.59375
13.59375 38.59375
13.75 38.59375
13.90625 38.59375
14.0625 38.59375
14.21875 38.59375
14.375 38.59375
9.6875 38.4375
9.84375 38.4375
10.0 38.4375
10.15625 38.4375
10.3125 38.4375
10.46875 38.4375
10.625 38.4375
10.78125 38.4375
10.9375 38.4375
11.09375 38.4375
11.25 38.4375
11.40625 38.4375
11.5625 38.4375
11.71875 38.4375
11.875 38.4375
12.03125 38.4375
12.1875 38.4375
12.34375 38.4375
12.5 38.4375
12.65625 38.4375
12.8125 38.4375
12.96875 38.4375
13.125 38.4375
13.28125 38.4375
13.4375 38.4375
13.59375 38.4375
13.75 38.4375
13.90625 38.4375
14.0625 38.4375
14.21875 38.4375
14.375 38.4375
9.6875 38.28125
9.84375 38.28125
10.0 38.28125
10.15625 38.28125
10.3125 38.28125
10.46875 38.28125
10.625 38.28125
10.78125 38.28125
10.9375 38.28125
11.09375 38.28125
11.25 38.28125
11.40625 38.28125
11.5625 38.28125
11.71875 38.28125
11.875 38.28125
12.03125 38.28125
12.1875 38.28125
12.34375 38.28125
12.5 38.28125
12.65625 38.28125
12.8125 38.28125
12.96875 38.28125
13.125 38.28125
13.28125 38.28125
13.4375 38.28125
13.59375 38.28125
13.75 38.28125
13.90625 38.28125
14.0625 38.28125
14.21875 38.28125
14.375 38.28125
9.6875 38.125
9.84375 38.125
10.0 38.125
10.15625 38.125
10.3125 38.125
10.46875 38.125
10.625 38.125
10.78125 38.125
10.9375 38.125
11.09375 38.125
11.25 38.125
11.40625 38.125
11.5625 38.125
11.71875 38.125
11.875 38.125
12.03125 38.125
12.1875 38.125
12.34375 38.125
12.5 38.125
12.65625 38.125
12.8125 38.125
12.96875 38.125
13.125 38.125
13.28125 38.125
13.4375 38.125
13.59375 38.125
13.75 38.125
13.90625 38.125
14.0625 38.125
14.21875 38.125
14.375 38.125
9.6875 37.96875
9.84375 37.96875
10.0 37.96875
10.15625 37.96875
10.3125 37.96875
10.46875 37.96875
10.625 37.96875
10.78125 37.96875
10.9375 37.96875
11.09375 37.96875
11.25 37.96875
11.40625 37.96875
11.5625 37.96875
11.71875 37.96875
11.875 37.96875
12.03125 37.96875
12.1875 37.96875
12.34375 37.96875
12.5 37.96875
12.65625 37.96875
12.8125 37.96875
12.96875 37.96875
13.125 37.96875
13.28125 37.96875
13.4375 37.96875
13.59375 37.96875
13.75 37.96875
13.90625 37.96875
14.0625 37.96875
14.21875 37.96875
14.375 37.96875
9.53125 37.8125
9.6875 37.8125
9.84375 37.8125
10.0 37.8125
10.15625 37.8125
10.3125 37.8125
10.46875 37.8125
10.625 37.8125
10.78125 37.8125
10.9375 37.8125
11.09375 37.8125
11.25 37.8125
11.40625 37.8125
11.5625 37.8125
11.71875 37.8125
11.875 37.8125
12.03125 37.8125
12.1875 37.8125
12.34375 37.8125
12.5 37.8125
12.65625 37.8125
12.8125 37.8125
12.96875 37.8125
13.125 37.8125
13.28125 37.8125
13.4375 37.8125
13.59375 37.8125
13.75 37.8125
13.90625 37.8125
14.0625 37.8125
14.21875 37.8125
14.375 37.8125
9.53125 37.65625
9.6875 37.65625
9.84375 37.65625
10.0 37.65625
10.15625 37.65625
10.3125 37.65625
10.46875 37.65625
10.625 37.65625
10.78125 37.65625
10.9375 37.65625
11.09375 37.65625
11.25 37.65625
11.40625 37.65625
11.5625 37.65625
11.71875 37.65625
11.875 37.65625
12.03125 37.65625
12.1875 37.65625
12.34375 37.65625
12.5 37.65625
12.65625 37.65625
12.8125 37.65625
12.96875 37.65625
13.125 37.65625
13.28125 37.65625
13.4375 37.65625
9.53125 37.5
9.6875 37.5
9.84375 37.5
10.0 37.5
10.15625 37.5
10.3125 37.5
10.46875 37.5
10.625 37.5
10.78125 37.5
10.9375 37.5
11.09375 37.5
11.25 37.5
11.40625 37.5
11.5625 37.5
11.71875 37.5
11.875 37.5
12.03125 37.5
12.1875 37.5
12.34375 37.5
12.5 37.5
12.65625 37.5
12.8125 37.5
12.96875 37.5
13.125 37.5
13.28125 37.5
13.4375 37.5
9.53125 37.34375
9.6875 37.34375
9.84375 37.34375
10.0 37.34375
10.15625 37.34375
10.3125 37.34375
10.46875 37.34375
10.625 37.34375
10.78125 37.34375
10.9375 37.34375
11.09375 37.34375
11.25 37.34375
11.40625 37.34375
11.5625 37.34375
11.71875 37.34375
11.875 37.34375
12.03125 37.34375
12.1875 37.34375
12.34375 37.34375
12.5 37.34375
12.65625 37.34375
12.8125 37.34375
12.96875 37.34375
13.125 37.34375
13.28125 37.34375
13.4375 37.34375
9.53125 37.1875
9.6875 37.1875
9.84375 37.1875
10.0 37.1875
10.15625 37.1875
10.3125 37.1875
10.46875 37.1875
10.625 37.1875
10.78125 37.1875
10.9375 37.1875
11.09375 37.1875
11.25 37.1875
11.40625 37.1875
11.5625 37.1875
11.71875 37.1875
11.875 37.1875
12.03125 37.1875
12.1875 37.1875
12.34375 37.1875
12.5 37.1875
12.65625 37.1875
12.8125 37.1875
12.96875 37.1875
13.125 37.1875
13.28125 37.1875
13.4375 37.1875
9.375 37.03125
9.53125 37.03125
9.6875 37.03125
9.84375 37.03125
10.0 37.03125
10.15625 37.03125
10.3125 37.03125
10.46875 37.03125
10.625 37.03125
10.78125 37.03125
10.9375 37.03125
11.09375 37.03125
11.25 37.03125
11.40625 37.03125
11.5625 37.03125
11.71875 37.03125
11.875 37.03125
12.03125 37.03125
12.1875 37.03125
12.34375 37.03125
12.5 37.03125
12.65625 37.03125
12.8125 37.03125
12.96875 37.03125
13.125 37.03125
13.28125 37.03125
13.4375 37.03125
9.375 36.875
9.53125 36.875
9.6875 36.875
9.84375 36.875
10.0 36.875
10.15625 36.875
10.3125 36.875
10.46875 36.875
10.625 36.875
10.78125 36.875
10.9375 36.875
11.09375 36.875
11.25 36.875
11.40625 36.875
11.5625 36.875
11.71875 36.875
11.875 36.875
12.03125 36.875
12.1875 36.875
12.34375 36.875
12.5 36.875
12.65625 36.875
12.8125 36.875
12.96875 36.875
13.125 36.875
13.28125 36.875
13.4375 36.875
9.375 36.71875
9.53125 36.71875
9.6875 36.71875
9.84375 36.71875
10.0 36.71875
10.15625 36.71875
10.3125 36.71875
10.46875 36.71875
10.625 36.71875
10.78125 36.71875
10.9375 36.71875
11.09375 36.71875
11.25 36.71875
11.40625 36.71875
11.5625 36.71875
11.71875 36.71875
11.875 36.71875
12.03125 36.71875
12.1875 36.71875
12.34375 36.71875
12.5 36.71875
12.65625 36.71875
12.8125 36.71875
12.96875 36.71875
13.125 36.71875
13.28125 36.71875
13.4375 36.71875
9.375 36.5625
9.53125 36.5625
9.6875 36.5625
9.84375 36.5625
10.0 36.5625
10.15625 36.5625
10.3125 36.5625
10.46875 36.5625
10.625 36.5625
10.78125 36.5625
10.9375 36.5625
11.09375 36.5625
11.25 36.5625
11.40625 36.5625
11.5625 36.5625
11.71875 36.5625
11.875 36.5625
12.03125 36.5625
12.1875 36.5625
12.34375 36.5625
12.5 36.5625
12.65625 36.5625
12.8125 36.5625
12.96875 36.5625
13.125 36.5625
13.28125 36.5625
13.4375 36.5625
9.21875 36.40625
9.375 36.40625
9.53125 36.40625
9.6875 36.40625
9.84375 36.40625
10.0 36.40625
10.15625 36.40625
10.3125 36.40625
10.46875 36.40625
10.625 36.40625
10.78125 36.40625
10.9375 36.40625
11.09375 36.40625
11.25 36.40625
11.40625 36.40625
11.5625 36.40625
11.71875 36.40625
11.875 36.40625
12.03125 36.40625
12.1875 36.40625
12.34375 36.40625
12.5 36.40625
12.65625 36.40625
12.8125 36.40625
12.96875 36.40625
13.125 36.40625
13.28125 36.40625
13.4375 36.40625
9.21875 36.25
9.375 36.25
9.53125 36.25
9.6875 36.25
9.84375 36.25
10.0 36.25
10.15625 36.25
10.3125 36.25
10.46875 36.25
10.625 36.25
10.78125 36.25
10.9375 36.25
11.09375 36.25
11.25 36.25
11.40625 36.25
11.5625 36.25
11.71875 36.25
11.875 36.25
12.03125 36.25
12.1875 36.25
12.34375 36.25
12.5 36.25
12.65625 36.25
12.8125 36.25
12.96875 36.25
13.125 36.25
13.28125 36.25
9.21875 36.09375
9.375 36.09375
9.53125 36.09375
9.6875 36.09375
9.84375 36.09375
10.0 36.09375
10.15625 36.09375
10.3125 36.09375
10.46875 36.09375
10.625 36.09375
10.78125 36.09375
10.9375 36.09375
11.09375 36.09375
11.25 36.09375
11.40625 36.09375
11.5625 36.09375
11.71875 36.09375
11.875 36.09375
12.03125 36.09375
12.1875 36.09375
12.34375 36.09375
12.5 36.09375
12.65625 36.09375
12.8125 36.09375
12.96875 36.09375
13.125 36.09375
13.28125 36.09375
9.21875 35.9375
9.375 35.9375
9.53125 35.9375
9.6875 35.9375
9.84375 35.9375
10.0 35.9375
10.15625 35.9375
10.3125 35.9375
10.46875 35.9375
10.625 35.9375
10.78125 35.9375
10.9375 35.9375
11.09375 35.9375
11.25 35.9375
11.40625 35.9375
11.5625 35.9375
11.71875 35.9375
11.875 35.9375
12.03125 35.9375
12.1875 35.9375
12.34375 35.9375
12.5 35.9375
9.21875 35.78125
9.375 35.78125
9.53125 35.78125
9.6875 35.78125
9.84375 35.78125
10.0 35.78125
10.15625 35.78125
10.3125 35.78125
10.46875 35.78125
10.625 35.78125
10.78125 35.78125
10.9375 35.78125
11.09375 35.78125
11.25 35.78125
11.40625 35.78125
11.5625 35.78125
11.71875 35.78125
11.875 35.78125
12.03125 35.78125
12.1875 35.78125
12.34375 35.78125
12.5 35.78125
9.0625 35.625
9.21875 35.625
9.375 35.625
9.53125 35.625
9.6875 35.625
9.84375 35.625
10.0 35.625
10.15625 35.625
10.3125 35.625
10.46875 35.625
10.625 35.625
10.78125 35.625
10.9375 35.625
11.09375 35.625
11.25 35.625
11.40625 35.625
11.5625 35.625
11.71875 35.625
11.875 35.625
12.03125 35.625
12.1875 35.625
12.34375 35.625
12.5 35.625
9.0625 35.46875
9.21875 35.46875
9.375 35.46875
9.53125 35.46875
9.6875 35.46875
9.84375 35.46875
10.0 35.46875
10.15625 35.46875
10.3125 35.46875
10.46875 35.46875
10.625 35.46875
10.78125 35.46875
10.9375 35.46875
11.09375 35.46875
11.25 35.46875
11.40625 35.46875
11.5625 35.46875
11.71875 35.46875
11.875 35.46875
12.03125 35.46875
12.1875 35.46875
12.34375 35.46875
12.5 35.46875
9.0625 35.3125
9.21875 35.3125
9.375 35.3125
9.53125 35.3125
9.6875 35.3125
9.84375 35.3125
10.0 35.3125
10.15625 35.3125
10.3125 35.3125
10.46875 35.3125
10.625 35.3125
10.78125 35.3125
10.9375 35.3125
11.09375 35.3125
11.25 35.3125
11.40625 35.3125
11.5625 35.3125
11.71875 35.3125
11.875 35.3125
9.0625 35.15625
9.21875 35.15625
9.375 35.15625
9.53125 35.15625
9.6875 35.15625
9.84375 35.15625
10.0 35.15625
10.15625 35.15625
10.3125 35.15625
10.46875 35.15625
10.625 35.15625
10.78125 35.15625
10.9375 35.15625
11.09375 35.15625
11.25 35.15625
11.40625 35.15625
11.5625 35.15625
9.0625 35.0
9.21875 35.0
9.375 35.0
9.53125 35.0
9.6875 35.0
9.84375 35.0
10.0 35.0
10.15625 35.0
10.3125 35.0
10.46875 35.0
10.625 35.0
10.78125 35.0
10.9375 35.0
11.09375 35.0
11.25 35.0
11.40625 35.0
11.5625 35.0
8.90625 34.84375
9.0625 34.84375
9.21875 34.84375
9.375 34.84375
9.53125 34.84375
9.6875 34.84375
9.84375 34.84375
10.0 34.84375
10.15625 34.84375
10.3125 34.84375
10.46875 34.84375
10.625 34.84375
10.78125 34.84375
10.9375 34.84375
11.09375 34.84375
11.25 34.84375
8.90625 34.6875
9.0625 34.6875
9.21875 34.6875
9.375 34.6875
9.53125 34.6875
9.6875 34.6875
9.84375 34.6875
10.0 34.6875
10.15625 34.6875
10.3125 34.6875
10.46875 34.6875
10.625 34.6875
10.78125 34.6875
8.90625 34.53125
9.0625 34.53125
9.21875 34.53125
9.375 34.53125
9.53125 34.53125
9.6875 34.53125
9.84375 34.53125
10.0 34.53125
10.15625 34.53125
10.3125 34.53125
10.46875 34.53125
10.625 34.53125
10.78125 34.53125
8.90625 34.375
9.0625 34.375
9.21875 34.375
9.375 34.375
9.53125 34.375
9.6875 34.375
9.84375 34.375
10.0 34.375
10.15625 34.375
10.3125 34.375
10.46875 34.375
8.90625 34.21875
9.0625 34.21875
9.21875 34.21875
9.375 34.21875
9.53125 34.21875
9.6875 34.21875
9.84375 34.21875
10.0 34.21875
10.15625 34.21875
10.3125 34.21875
8.75 34.0625
8.90625 34.0625
9.0625 34.0625
9.21875 34.0625
9.375 34.0625
9.53125 34.0625
9.6875 34.0625
9.84375 34.0625
10.0 34.0625
10.15625 34.0625
10.3125 34.0625
8.75 33.90625
8.90625 33.90625
9.0625 33.90625
9.21875 33.90625
9.375 33.90625
9.53125 33.90625
9.6875 33.90625
9.84375 33.90625
10.0 33.90625
10.15625 33.90625
10.3125 33.90625
8.75 33.75
8.90625 33.75
9.0625 33.75
9.21875 33.75
9.375 33.75
9.53125 33.75
9.6875 33.75
9.84375 33.75
10.0 33.75
10.15625 33.75
10.3125 33.75
8.75 33.59375
8.90625 33.59375
9.0625 33.59375
9.21875 33.59375
9.375 33.59375
9.53125 33.59375
8.75 33.4375
8.90625 33.4375
9.0625 33.4375
9.21875 33.4375
9.375 33.4375
9.53125 33.4375
8.59375 33.28125
8.75 33.28125
8.90625 33.28125
9.0625 33.28125
9.21875 33.28125
8.59375 33.125
8.75 33.125
8.90625 33.125
9.0625 33.125
9.21875 33.125
8.59375 32.96875
8.75 32.96875
8.90625 32.96875
9.0625 32.96875
9.21875 32.96875
8.59375 32.8125
8.75 32.8125
8.59375 32.65625
8.75 32.65625
8.4375 32.5
8.4375 32.34375
8.4375 32.1875
