2.34375 15.625
2.34375 15.46875
2.34375 15.3125
2.34375 15.15625
2.34375 15.0
2.34375 14.84375
2.34375 14.6875
2.5 14.6875
2.34375 14.53125
2.5 14.53125
2.34375 14.375
2.5 14.375
2.65625 14.375
2.34375 14.21875
2.5 14.21875
2.65625 14.21875
2.34375 14.0625
2.5 14.0625
2.65625 14.0625
2.34375 13.90625
2.5 13.90625
2.65625 13.90625
2.34375 13.75
2.5 13.75
2.65625 13.75
2.34375 13.59375
2.5 13.59375
2.65625 13.59375
2.34375 13.4375
2.5 13.4375
2.65625 13.4375
2.8125 13.4375
2.34375 13.28125
2.5 13.28125
2.65625 13.28125
2.8125 13.28125
2.34375 13.125
2.5 13.125
2.65625 13.125
2.8125 13.125
2.96875 13.125
2.34375 12.96875
2.5 12.96875
2.65625 12.96875
2.8125 12.96875
2.96875 12.96875
2.34375 12.8125
2.5 12.8125
2.65625 12.8125
2.8125 12.8125
2.96875 12.8125
2.34375 12.65625
2.5 12.65625
2.65625 12.65625
2.8125 12.65625
2.96875 12.65625
2.34375 12.5
2.5 12.5
2.65625 12.5
2.8125 12.5
2.96875 12.5
3.125 12.5
2.34375 12.34375
2.5 12.34375
2.65625 12.34375
2.8125 12.34375
2.96875 12.34375
3.125 12.34375
2.34375 12.1875
2.5 12.1875
2.65625 12.1875
2.8125 12.1875
2.96875 12.1875
3.125 12.1875
2.34375 12.03125
2.5 12.03125
2.65625 12.03125
2.8125 12.03125
2.96875 12.03125
3.125 12.03125
2.34375 11.875
2.5 11.875
2.65625 11.875
2.8125 11.875
2.96875 11.875
3.125 11.875
3.28125 11.875
2.34375 11.71875
2.5 11.71875
2.65625 11.71875
2.8125 11.71875
2.96875 11.71875
3.125 11.71875
3.28125 11.71875
2.34375 11.5625
2.5 11.5625
2.65625 11.5625
2.8125 11.5625
2.96875 11.5625
3.125 11.5625
3.28125 11.5625
2.34375 11.40625
2.5 11.40625
2.65625 11.40625
2.8125 11.40625
2.96875 11.40625
3.125 11.40625
3.28125 11.40625
3.4375 11.40625
2.34375 11.25
2.5 11.25
2.65625 11.25
2.8125 11.25
2.96875 11.25
3.125 11.25
3.28125 11.25
3.4375 11.25
2.34375 11.09375
2.5 11.09375
2.65625 11.09375
2.8125 11.09375
2.96875 11.09375
3.125 11.09375
3.28125 11.09375
3.4375 11.09375
2.34375 10.9375
2.5 10.9375
2.65625 10.9375
2.8125 10.9375
2.96875 10.9375
3.125 10.9375
3.28125 10.9375
3.4375 10.9375
2.34375 10.78125
2.5 10.78125
2.65625 10.78125
2.8125 10.78125
2.96875 10.78125
3.125 10.78125
3.28125 10.78125
3.4375 10.78125
3.59375 10.78125
3.75 10.78125
3.90625 10.78125
2.34375 10.625
2.5 10.625
2.65625 10.625
2.8125 10.625
2.96875 10.625
3.125 10.625
3.28125 10.625
3.4375 10.625
3.59375 10.625
3.75 10.625
3.90625 10.625
2.34375 10.46875
2.5 10.46875
2.65625 10.46875
2.8125 10.46875
2.96875 10.46875
3.125 10.46875
3.28125 10.46875
3.4375 10.46875
3.59375 10.46875
3.75 10.46875
3.90625 10.46875
2.34375 10.3125
2.5 10.3125
2.65625 10.3125
2.8125 10.3125
2.96875 10.3125
3.125 10.3125
3.28125 10.3125
3.4375 10.3125
3.59375 10.3125
3.75 10.3125
3.90625 10.3125
2.34375 10.15625
2.5 10.15625
2.65625 10.15625
2.8125 10.15625
2.96875 10.15625
3.125 10.15625
3.28125 10.15625
3.4375 10.15625
3.59375 10.15625
3.75 10.15625
3.90625 10.15625
4.0625 10.15625
4.53125 10.15625
4.6875 10.15625
2.34375 10.0
2.5 10.0
2.65625 10.0
2.8125 10.0
2.96875 10.0
3.125 10.0
3.28125 10.0
3.4375 10.0
3.59375 10.0
3.75 10.0
3.90625 10.0
4.0625 10.0
4.21875 10.0
4.375 10.0
4.53125 10.0
4.6875 10.0
2.1875 9.84375
2.34375 9.84375
2.5 9.84375
2.65625 9.84375
2.8125 9.84375
2.96875 9.84375
3.125 9.84375
3.28125 9.84375
3.4375 9.84375
3.59375 9.84375
3.75 9.84375
3.90625 9.84375
4.0625 9.84375
4.21875 9.84375
4.375 9.84375
4.53125 9.84375
4.6875 9.84375
2.1875 9.6875
2.34375 9.6875
2.5 9.6875
2.65625 9.6875
2.8125 9.6875
2.96875 9.6875
3.125 9.6875
3.28125 9.6875
3.4375 9.6875
3.59375 9.6875
3.75 9.6875
3.90625 9.6875
4.0625 9.6875
4.21875 9.6875
4.375 9.6875
4.53125 9.6875
4.6875 9.6875
2.1875 9.53125
2.34375 9.53125
2.5 9.53125
2.65625 9.53125
2.8125 9.53125
2.96875 9.53125
3.125 9.53125
3.28125 9.53125
3.4375 9.53125
3.59375 9.53125
3.75 9.53125
3.90625 9.53125
4.0625 9.53125
4.21875 9.53125
4.375 9.53125
4.53125 9.53125
4.6875 9.53125
2.1875 9.375
2.34375 9.375
2.5 9.375
2.65625 9.375
2.8125 9.375
2.96875 9.375
3.125 9.375
3.28125 9.375
3.4375 9.375
3.59375 9.375
3.75 9.375
3.90625 9.375
4.0625 9.375
4.21875 9.375
4.375 9.375
4.53125 9.375
4.6875 9.375
2.1875 9.21875
2.34375 9.21875
2.5 9.21875
2.65625 9.21875
2.8125 9.21875
2.96875 9.21875
3.125 9.21875
3.28125 9.21875
3.4375 9.21875
3.59375 9.21875
3.75 9.21875
3.90625 9.21875
4.0625 9.21875
4.21875 9.21875
4.375 9.21875
4.53125 9.21875
4.6875 9.21875
2.1875 9.0625
2.34375 9.0625
2.5 9.0625
2.65625 9.0625
2.8125 9.0625
2.96875 9.0625
3.125 9.0625
3.28125 9.0625
3.4375 9.0625
3.59375 9.0625
3.75 9.0625
3.90625 9.0625
4.0625 9.0625
4.21875 9.0625
4.375 9.0625
4.53125 9.0625
4.6875 9.0625
2.1875 8.90625
2.34375 8.90625
2.5 8.90625
2.65625 8.90625
2.8125 8.90625
2.96875 8.90625
3.125 8.90625
3.28125 8.90625
3.4375 8.90625
3.59375 8.90625
3.75 8.90625
3.90625 8.90625
4.0625 8.90625
4.21875 8.90625
4.375 8.90625
4.53125 8.90625
4.6875 8.90625
2.1875 8.75
2.34375 8.75
2.5 8.75
2.65625 8.75
2.8125 8.75
2.96875 8.75
3.125 8.75
3.28125 8.75
3.4375 8.75
3.59375 8.75
3.75 8.75
3.90625 8.75
4.0625 8.75
4.21875 8.75
4.375 8.75
4.53125 8.75
4.6875 8.75
2.1875 8.59375
2.34375 8.59375
2.5 8.59375
2.65625 8.59375
2.8125 8.59375
2.96875 8.59375
3.125 8.59375
3.28125 8.59375
3.4375 8.59375
3.59375 8.59375
3.75 8.59375
3.90625 8.59375
4.0625 8.59375
4.21875 8.59375
4.375 8.59375
4.53125 8.59375
4.6875 8.59375
2.1875 8.4375
2.34375 8.4375
2.5 8.4375
2.65625 8.4375
2.8125 8.4375
2.96875 8.4375
3.125 8.4375
3.28125 8.4375
3.4375 8.4375
3.59375 8.4375
3.75 8.4375
3.90625 8.4375
4.0625 8.4375
4.21875 8.4375
4.375 8.4375
4.53125 8.4375
4.6875 8.4375
2.1875 8.28125
2.34375 8.28125
2.5 8.28125
2.65625 8.28125
2.8125 8.28125
2.96875 8.28125
3.125 8.28125
3.28125 8.28125
3.4375 8.28125
3.59375 8.28125
3.75 8.28125
3.90625 8.28125
4.0625 8.28125
4.21875 8.28125
4.375 8.28125
4.53125 8.28125
4.6875 8.28125
2.1875 8.125
2.34375 8.125
2.5 8.125
2.65625 8.125
2.8125 8.125
2.96875 8.125
3.125 8.125
3.28125 8.125
3.4375 8.125
3.59375 8.125
3.75 8.125
3.90625 8.125
4.0625 8.125
4.21875 8.125
4.375 8.125
4.53125 8.125
4.6875 8.125
2.1875 7.96875
2.34375 7.96875
2.5 7.96875
2.65625 7.96875
2.8125 7.96875
2.96875 7.96875
3.125 7.96875
3.28125 7.96875
3.4375 7.96875
3.59375 7.96875
3.75 7.96875
3.90625 7.96875
4.0625 7.96875
4.21875 7.96875
4.375 7.96875
4.53125 7.96875
4.6875 7.96875
4.84375 7.96875
2.1875 7.8125
2.34375 7.8125
2.5 7.8125
2.65625 7.8125
2.8125 7.8125
2.96875 7.8125
3.125 7.8125
3.28125 7.8125
3.4375 7.8125
3.59375 7.8125
3.75 7.8125
3.90625 7.8125
4.0625 7.8125
4.21875 7.8125
4.375 7.8125
4.53125 7.8125
4.6875 7.8125
4.84375 7.8125
2.1875 7.65625
2.34375 7.65625
2.5 7.65625
2.65625 7.65625
2.8125 7.65625
2.96875 7.65625
3.125 7.65625
3.28125 7.65625
3.4375 7.65625
3.59375 7.65625
3.75 7.65625
3.90625 7.65625
4.0625 7.65625
4.21875 7.65625
4.375 7.65625
4.53125 7.65625
4.6875 7.65625
4.84375 7.65625
2.1875 7.5
2.34375 7.5
2.5 7.5
2.65625 7.5
2.8125 7.5
2.96875 7.5
3.125 7.5
3.28125 7.5
3.4375 7.5
3.59375 7.5
3.75 7.5
3.90625 7.5
4.0625 7.5
4.21875 7.5
4.375 7.5
4.53125 7.5
4.6875 7.5
4.84375 7.5
5.0 7.5
2.1875 7.34375
2.34375 7.34375
2.5 7.34375
2.65625 7.34375
2.8125 7.34375
2.96875 7.34375
3.125 7.34375
3.28125 7.34375
3.4375 7.34375
3.59375 7.34375
3.75 7.34375
3.90625 7.34375
4.0625 7.34375
4.21875 7.34375
4.375 7.34375
4.53125 7.34375
4.6875 7.34375
4.84375 7.34375
5.0 7.34375
2.1875 7.1875
2.34375 7.1875
2.5 7.1875
2.65625 7.1875
2.8125 7.1875
2.96875 7.1875
3.125 7.1875
3.28125 7.1875
3.4375 7.1875
3.59375 7.1875
3.75 7.1875
3.90625 7.1875
4.0625 7.1875
4.21875 7.1875
4.375 7.1875
4.53125 7.1875
4.6875 7.1875
4.84375 7.1875
5.0 7.1875
5.78125 7.1875
2.1875 7.03125
2.34375 7.03125
2.5 7.03125
2.65625 7.03125
2.8125 7.03125
2.96875 7.03125
3.125 7.03125
3.28125 7.03125
3.4375 7.03125
3.59375 7.03125
3.75 7.03125
3.90625 7.03125
4.0625 7.03125
4.21875 7.03125
4.375 7.03125
4.53125 7.03125
4.6875 7.03125
4.84375 7.03125
5.0 7.03125
5.78125 7.03125
2.1875 6.875
2.34375 6.875
2.5 6.875
2.65625 6.875
2.8125 6.875
2.96875 6.875
3.125 6.875
3.28125 6.875
3.4375 6.875
3.59375 6.875
3.75 6.875
3.90625 6.875
4.0625 6.875
4.21875 6.875
4.375 6.875
4.53125 6.875
4.6875 6.875
4.84375 6.875
5.0 6.875
5.78125 6.875
2.1875 6.71875
2.34375 6.71875
2.5 6.71875
2.65625 6.71875
2.8125 6.71875
2.96875 6.71875
3.125 6.71875
3.28125 6.71875
3.4375 6.71875
3.59375 6.71875
3.75 6.71875
3.90625 6.71875
4.0625 6.71875
4.21875 6.71875
4.375 6.71875
4.53125 6.71875
4.6875 6.71875
4.84375 6.71875
5.0 6.71875
5.78125 6.71875
2.1875 6.5625
2.34375 6.5625
2.5 6.5625
2.65625 6.5625
2.8125 6.5625
2.96875 6.5625
3.125 6.5625
3.28125 6.5625
3.4375 6.5625
3.59375 6.5625
3.75 6.5625
3.90625 6.5625
4.0625 6.5625
4.21875 6.5625
4.375 6.5625
4.53125 6.5625
4.6875 6.5625
4.84375 6.5625
5.0 6.5625
5.78125 6.5625
2.1875 6.40625
2.34375 6.40625
2.5 6.40625
2.65625 6.40625
2.8125 6.40625
2.96875 6.40625
3.125 6.40625
3.28125 6.40625
3.4375 6.40625
3.59375 6.40625
3.75 6.40625
3.90625 6.40625
4.0625 6.40625
4.21875 6.40625
4.375 6.40625
4.53125 6.40625
4.6875 6.40625
4.84375 6.40625
5.0 6.40625
5.78125 6.40625
2.1875 6.25
2.34375 6.25
2.5 6.25
2.65625 6.25
2.8125 6.25
2.96875 6.25
3.125 6.25
3.28125 6.25
3.4375 6.25
3.59375 6.25
3.75 6.25
3.90625 6.25
4.0625 6.25
4.21875 6.25
4.375 6.25
4.53125 6.25
4.6875 6.25
4.84375 6.25
5.0 6.25
5.15625 6.25
5.3125 6.25
5.78125 6.25
2.1875 6.09375
2.34375 6.09375
2.5 6.09375
2.65625 6.09375
2.8125 6.09375
2.96875 6.09375
3.125 6.09375
3.28125 6.09375
3.4375 6.09375
3.59375 6.09375
3.75 6.09375
3.90625 6.09375
4.0625 6.09375
4.21875 6.09375
4.375 6.09375
4.53125 6.09375
4.6875 6.09375
4.84375 6.09375
5.0 6.09375
5.15625 6.09375
5.3125 6.09375
5.78125 6.09375
2.1875 5.9375
2.34375 5.9375
2.5 5.9375
2.65625 5.9375
2.8125 5.9375
2.96875 5.9375
3.125 5.9375
3.28125 5.9375
3.4375 5.9375
3.59375 5.9375
3.75 5.9375
3.90625 5.9375
4.0625 5.9375
4.21875 5.9375
4.375 5.9375
4.53125 5.9375
4.6875 5.9375
4.84375 5.9375
5.0 5.9375
5.15625 5.9375
5.3125 5.9375
5.46875 5.9375
5.625 5.9375
5.78125 5.9375
2.1875 5.78125
2.34375 5.78125
2.5 5.78125
2.65625 5.78125
2.8125 5.78125
2.96875 5.78125
3.125 5.78125
3.28125 5.78125
3.4375 5.78125
3.59375 5.78125
3.75 5.78125
3.90625 5.78125
4.0625 5.78125
4.21875 5.78125
4.375 5.78125
4.53125 5.78125
4.6875 5.78125
4.84375 5.78125
5.0 5.78125
5.15625 5.78125
5.3125 5.78125
5.46875 5.78125
5.625 5.78125
5.78125 5.78125
2.1875 5.625
2.34375 5.625
2.5 5.625
2.65625 5.625
2.8125 5.625
2.96875 5.625
3.125 5.625
3.28125 5.625
3.4375 5.625
3.59375 5.625
3.75 5.625
3.90625 5.625
4.0625 5.625
4.21875 5.625
4.375 5.625
4.53125 5.625
4.6875 5.625
4.84375 5.625
5.0 5.625
5.15625 5.625
5.3125 5.625
5.46875 5.625
5.625 5.625
5.78125 5.625
2.1875 5.46875
2.34375 5.46875
2.5 5.46875
2.65625 5.46875
2.8125 5.46875
2.96875 5.46875
3.125 5.46875
3.28125 5.46875
3.4375 5.46875
3.59375 5.46875
3.75 5.46875
3.90625 5.46875
4.0625 5.46875
4.21875 5.46875
4.375 5.46875
4.53125 5.46875
4.6875 5.46875
4.84375 5.46875
5.0 5.46875
5.15625 5.46875
5.3125 5.46875
5.46875 5.46875
5.625 5.46875
5.78125 5.46875
2.1875 5.3125
2.34375 5.3125
2.5 5.3125
2.65625 5.3125
2.8125 5.3125
2.96875 5.3125
3.125 5.3125
3.28125 5.3125
3.4375 5.3125
3.59375 5.3125
3.75 5.3125
3.90625 5.3125
4.0625 5.3125
4.21875 5.3125
4.375 5.3125
4.53125 5.3125
4.6875 5.3125
4.84375 5.3125
5.0 5.3125
5.15625 5.3125
5.3125 5.3125
5.46875 5.3125
5.625 5.3125
5.78125 5.3125
2.1875 5.15625
2.34375 5.15625
2.5 5.15625
2.65625 5.15625
2.8125 5.15625
2.96875 5.15625
3.125 5.15625
3.28125 5.15625
3.4375 5.15625
3.59375 5.15625
3.75 5.15625
3.90625 5.15625
4.0625 5.15625
4.21875 5.15625
4.375 5.15625
4.53125 5.15625
4.6875 5.15625
4.84375 5.15625
5.0 5.15625
5.15625 5.15625
5.3125 5.15625
5.46875 5.15625
5.625 5.15625
5.78125 5.15625
2.1875 5.0
2.34375 5.0
2.5 5.0
2.65625 5.0
2.8125 5.0
2.96875 5.0
3.125 5.0
3.28125 5.0
3.4375 5.0
3.59375 5.0
3.75 5.0
3.90625 5.0
4.0625 5.0
4.21875 5.0
4.375 5.0
4.53125 5.0
4.6875 5.0
4.84375 5.0
5.0 5.0
5.15625 5.0
5.3125 5.0
5.46875 5.0
5.625 5.0
5.78125 5.0
2.1875 4.84375
2.34375 4.84375
2.5 4.84375
2.65625 4.84375
2.8125 4.84375
2.96875 4.84375
3.125 4.84375
3.28125 4.84375
3.4375 4.84375
3.59375 4.84375
3.75 4.84375
3.90625 4.84375
4.0625 4.84375
4.21875 4.84375
4.375 4.84375
4.53125 4.84375
4.6875 4.84375
4.84375 4.84375
5.0 4.84375
5.15625 4.84375
5.3125 4.84375
5.46875 4.84375
5.625 4.84375
5.78125 4.84375
2.1875 4.6875
2.34375 4.6875
2.5 4.6875
2.65625 4.6875
2.8125 4.6875
2.96875 4.6875
3.125 4.6875
3.28125 4.6875
3.4375 4.6875
3.59375 4.6875
3.75 4.6875
3.90625 4.6875
4.0625 4.6875
4.21875 4.6875
4.375 4.6875
4.53125 4.6875
4.6875 4.6875
4.84375 4.6875
5.0 4.6875
5.15625 4.6875
5.3125 4.6875
5.46875 4.6875
5.625 4.6875
5.78125 4.6875
2.1875 4.53125
2.34375 4.53125
2.5 4.53125
2.65625 4.53125
2.8125 4.53125
2.96875 4.53125
3.125 4.53125
3.28125 4.53125
3.4375 4.53125
3.59375 4.53125
3.75 4.53125
3.90625 4.53125
4.0625 4.53125
4.21875 4.53125
4.375 4.53125
4.53125 4.53125
4.6875 4.53125
4.84375 4.53125
5.0 4.53125
5.15625 4.53125
5.3125 4.53125
5.46875 4.53125
5.625 4.53125
5.78125 4.53125
2.1875 4.375
2.34375 4.375
2.5 4.375
2.65625 4.375
2.8125 4.375
2.96875 4.375
3.125 4.375
3.28125 4.375
3.4375 4.375
3.59375 4.375
3.75 4.375
3.90625 4.375
4.0625 4.375
4.21875 4.375
4.375 4.375
4.53125 4.375
4.6875 4.375
4.84375 4.375
5.0 4.375
5.15625 4.375
5.3125 4.375
5.46875 4.375
5.625 4.375
5.78125 4.375
2.1875 4.21875
2.34375 4.21875
2.5 4.21875
2.65625 4.21875
2.8125 4.21875
2.96875 4.21875
3.125 4.21875
3.28125 4.21875
3.4375 4.21875
3.59375 4.21875
3.75 4.21875
3.90625 4.21875
4.0625 4.21875
4.21875 4.21875
4.375 4.21875
4.53125 4.21875
4.6875 4.21875
4.84375 4.21875
5.0 4.21875
5.15625 4.21875
5.3125 4.21875
5.46875 4.21875
5.625 4.21875
5.78125 4.21875
2.1875 4.0625
2.34375 4.0625
2.5 4.0625
2.65625 4.0625
2.8125 4.0625
2.96875 4.0625
3.125 4.0625
3.28125 4.0625
3.4375 4.0625
3.59375 4.0625
3.75 4.0625
3.90625 4.0625
4.0625 4.0625
4.21875 4.0625
4.375 4.0625
4.53125 4.0625
4.6875 4.0625
4.84375 4.0625
5.0 4.0625
5.15625 4.0625
5.3125 4.0625
5.46875 4.0625
5.625 4.0625
5.78125 4.0625
2.1875 3.90625
2.34375 3.90625
2.5 3.90625
2.65625 3.90625
2.8125 3.90625
2.96875 3.90625
3.125 3.90625
3.28125 3.90625
3.4375 3.90625
3.59375 3.90625
3.75 3.90625
3.90625 3.90625
4.0625 3.90625
4.21875 3.90625
4.375 3.90625
4.53125 3.90625
4.6875 3.90625
4.84375 3.90625
5.0 3.90625
5.15625 3.90625
5.3125 3.90625
5.46875 3.90625
5.625 3.90625
5.78125 3.90625
2.1875 3.75
2.34375 3.75
2.5 3.75
2.65625 3.75
2.8125 3.75
2.96875 3.75
3.125 3.75
3.28125 3.75
3.4375 3.75
3.59375 3.75
3.75 3.75
3.90625 3.75
4.0625 3.75
4.21875 3.75
4.375 3.75
4.53125 3.75
4.6875 3.75
4.84375 3.75
5.0 3.75
5.15625 3.75
5.3125 3.75
5.46875 3.75
5.625 3.75
5.78125 3.75
2.1875 3.59375
2.34375 3.59375
2.5 3.59375
2.65625 3.59375
2.8125 3.59375
2.96875 3.59375
3.125 3.59375
3.28125 3.59375
3.4375 3.59375
3.59375 3.59375
3.75 3.59375
3.90625 3.59375
4.0625 3.59375
4.21875 3.59375
4.375 3.59375
4.53125 3.59375
4.6875 3.59375
4.84375 3.59375
5.0 3.59375
5.15625 3.59375
5.3125 3.59375
5.46875 3.59375
5.78125 3.59375
2.1875 3.4375
2.34375 3.4375
2.5 3.4375
2.65625 3.4375
2.8125 3.4375
2.96875 3.4375
3.125 3.4375
3.28125 3.4375
3.4375 3.4375
3.59375 3.4375
3.75 3.4375
3.90625 3.4375
4.0625 3.4375
4.21875 3.4375
4.375 3.4375
4.53125 3.4375
4.6875 3.4375
4.84375 3.4375
5.0 3.4375
5.15625 3.4375
5.3125 3.4375
5.46875 3.4375
5.78125 3.4375
2.1875 3.28125
2.34375 3.28125
2.5 3.28125
2.65625 3.28125
2.8125 3.28125
2.96875 3.28125
3.125 3.28125
3.28125 3.28125
3.4375 3.28125
3.59375 3.28125
3.75 3.28125
3.90625 3.28125
4.0625 3.28125
4.21875 3.28125
4.375 3.28125
4.53125 3.28125
4.6875 3.28125
4.84375 3.28125
5.0 3.28125
5.15625 3.28125
5.3125 3.28125
5.78125 3.28125
2.1875 3.125
2.34375 3.125
2.5 3.125
2.65625 3.125
2.8125 3.125
2.96875 3.125
3.125 3.125
3.28125 3.125
3.4375 3.125
3.59375 3.125
3.75 3.125
3.90625 3.125
4.0625 3.125
4.21875 3.125
4.375 3.125
4.53125 3.125
4.6875 3.125
4.84375 3.125
5.0 3.125
5.15625 3.125
5.3125 3.125
5.78125 3.125
2.1875 2.96875
2.34375 2.96875
2.5 2.96875
2.65625 2.96875
2.8125 2.96875
2.96875 2.96875
3.125 2.96875
3.28125 2.96875
3.4375 2.96875
3.59375 2.96875
3.75 2.96875
3.90625 2.96875
4.0625 2.96875
4.21875 2.96875
4.375 2.96875
4.53125 2.96875
4.6875 2.96875
4.84375 2.96875
5.0 2.96875
5.15625 2.96875
5.3125 2.96875
5.78125 2.96875
2.1875 2.8125
2.34375 2.8125
2.5 2.8125
2.65625 2.8125
2.8125 2.8125
2.96875 2.8125
3.125 2.8125
3.28125 2.8125
3.4375 2.8125
3.59375 2.8125
3.75 2.8125
3.90625 2.8125
4.0625 2.8125
4.21875 2.8125
4.375 2.8125
4.53125 2.8125
4.6875 2.8125
4.84375 2.8125
5.0 2.8125
5.15625 2.8125
5.78125 2.8125
2.1875 2.65625
2.34375 2.65625
2.5 2.65625
2.65625 2.65625
2.8125 2.65625
2.96875 2.65625
3.125 2.65625
3.28125 2.65625
3.4375 2.65625
3.59375 2.65625
3.75 2.65625
3.90625 2.65625
4.0625 2.65625
4.21875 2.65625
4.375 2.65625
4.53125 2.65625
4.6875 2.65625
4.84375 2.65625
5.0 2.65625
5.15625 2.65625
5.78125 2.65625
2.1875 2.5
2.34375 2.5
2.5 2.5
2.65625 2.5
2.8125 2.5
2.96875 2.5
3.125 2.5
3.28125 2.5
3.4375 2.5
3.59375 2.5
3.75 2.5
3.90625 2.5
4.0625 2.5
4.21875 2.5
4.375 2.5
4.53125 2.5
4.6875 2.5
4.84375 2.5
5.0 2.5
5.15625 2.5
5.78125 2.5
2.1875 2.34375
2.34375 2.34375
2.5 2.34375
2.65625 2.34375
2.8125 2.34375
2.96875 2.34375
3.125 2.34375
3.28125 2.34375
3.4375 2.34375
3.59375 2.34375
3.75 2.34375
3.90625 2.34375
4.0625 2.34375
4.21875 2.34375
4.375 2.34375
4.53125 2.34375
4.6875 2.34375
4.84375 2.34375
5.0 2.34375
5.15625 2.34375
5.78125 2.34375
2.1875 2.1875
2.34375 2.1875
2.5 2.1875
2.65625 2.1875
2.8125 2.1875
2.96875 2.1875
3.125 2.1875
3.28125 2.1875
3.4375 2.1875
3.59375 2.1875
3.75 2.1875
3.90625 2.1875
4.0625 2.1875
4.21875 2.1875
4.375 2.1875
4.53125 2.1875
4.6875 2.1875
5.0 2.1875
5.15625 2.1875
5.78125 2.1875
2.1875 2.03125
2.34375 2.03125
2.5 2.03125
2.65625 2.03125
2.8125 2.03125
2.96875 2.03125
3.125 2.03125
3.28125 2.03125
3.4375 2.03125
3.59375 2.03125
3.75 2.03125
3.90625 2.03125
4.0625 2.03125
4.21875 2.03125
4.375 2.03125
4.53125 2.03125
4.6875 2.03125
5.78125 2.03125
2.1875 1.875
2.34375 1.875
2.5 1.875
2.65625 1.875
2.8125 1.875
2.96875 1.875
3.125 1.875
3.28125 1.875
3.4375 1.875
3.59375 1.875
3.75 1.875
3.90625 1.875
4.0625 1.875
4.21875 1.875
4.375 1.875
4.53125 1.875
4.6875 1.875
2.1875 1.71875
2.34375 1.71875
2.5 1.71875
2.65625 1.71875
2.8125 1.71875
2.96875 1.71875
3.125 1.71875
3.28125 1.71875
3.4375 1.71875
3.59375 1.71875
3.75 1.71875
3.90625 1.71875
4.0625 1.71875
4.21875 1.71875
4.375 1.71875
4.53125 1.71875
4.6875 1.71875
2.1875 1.5625
2.34375 1.5625
2.5 1.5625
2.65625 1.5625
2.8125 1.5625
2.96875 1.5625
3.125 1.5625
3.28125 1.5625
3.4375 1.5625
3.59375 1.5625
3.75 1.5625
3.90625 1.5625
4.0625 1.5625
4.21875 1.5625
4.375 1.5625
4.53125 1.5625
4.6875 1.5625
2.1875 1.40625
2.34375 1.40625
2.5 1.40625
2.65625 1.40625
2.8125 1.40625
2.96875 1.40625
3.125 1.40625
3.28125 1.40625
3.4375 1.40625
3.59375 1.40625
3.75 1.40625
3.90625 1.40625
4.0625 1.40625
4.21875 1.40625
4.375 1.40625
4.53125 1.40625
4.6875 1.40625
2.1875 1.25
2.34375 1.25
2.5 1.25
2.65625 1.25
2.8125 1.25
2.96875 1.25
3.125 1.25
3.28125 1.25
3.4375 1.25
3.59375 1.25
3.75 1.25
3.90625 1.25
4.0625 1.25
4.21875 1.25
4.375 1.25
4.53125 1.25
4.6875 1.25
2.1875 1.09375
2.34375 1.09375
2.5 1.09375
2.65625 1.09375
2.8125 1.09375
2.96875 1.09375
3.125 1.09375
3.28125 1.09375
3.4375 1.09375
3.59375 1.09375
3.75 1.09375
3.90625 1.09375
4.0625 1.09375
4.21875 1.09375
4.375 1.09375
4.53125 1.09375
4.6875 1.09375
2.1875 0.9375
2.34375 0.9375
2.5 0.9375
2.65625 0.9375
2.8125 0.9375
2.96875 0.9375
3.125 0.9375
3.28125 0.9375
3.4375 0.9375
3.59375 0.9375
3.75 0.9375
3.90625 0.9375
4.0625 0.9375
4.21875 0.9375
4.375 0.9375
4.53125 0.9375
4.6875 0.9375
2.1875 0.78125
2.34375 0.78125
2.5 0.78125
2.65625 0.78125
2.8125 0.78125
2.96875 0.78125
3.125 0.78125
3.28125 0.78125
3.4375 0.78125
3.59375 0.78125
3.75 0.78125
3.90625 0.78125
4.0625 0.78125
4.21875 0.78125
4.375 0.78125
4.53125 0.78125
4.6875 0.78125
2.1875 0.625
2.34375 0.625
2.5 0.625
2.65625 0.625
2.8125 0.625
2.96875 0.625
3.125 0.625
3.28125 0.625
3.4375 0.625
3.59375 0.625
3.75 0.625
3.90625 0.625
4.0625 0.625
4.21875 0.625
4.375 0.625
4.53125 0.625
4.6875 0.625
2.1875 0.46875
2.34375 0.46875
2.5 0.46875
2.65625 0.46875
2.8125 0.46875
2.96875 0.46875
3.125 0.46875
3.28125 0.46875
3.4375 0.46875
3.59375 0.46875
3.75 0.46875
3.90625 0.46875
4.0625 0.46875
4.21875 0.46875
4.375 0.46875
4.53125 0.46875
4.6875 0.46875
2.1875 0.3125
2.34375 0.3125
2.5 0.3125
2.65625 0.3125
2.8125 0.3125
2.96875 0.3125
3.125 0.3125
3.28125 0.3125
3.4375 0.3125
3.59375 0.3125
3.75 0.3125
3.90625 0.3125
4.0625 0.3125
4.21875 0.3125
4.375 0.3125
4.53125 0.3125
4.6875 0.3125
2.1875 0.15625
2.34375 0.15625
2.5 0.15625
2.65625 0.15625
2.8125 0.15625
2.96875 0.15625
3.125 0.15625
3.28125 0.15625
3.4375 0.15625
3.59375 0.15625
3.75 0.15625
3.90625 0.15625
4.0625 0.15625
4.21875 0.15625
4.375 0.15625
4.53125 0.15625
4.6875 0.15625
2.1875 0.0
2.34375 0.0
2.5 0.0
2.65625 0.0
2.8125 0.0
2.96875 0.0
3.125 0.0
3.28125 0.0
3.4375 0.0
3.59375 0.0
3.75 0.0
3.90625 0.0
4.0625 0.0
4.21875 0.0
4.375 0.0
4.53125 0.0
4.6875 0.0
