-7.65625 39.84375
-7.5 39.84375
-7.34375 39.84375
-7.1875 39.84375
-7.03125 39.84375
-6.875 39.84375
-6.71875 39.84375
-6.5625 39.84375
-6.40625 39.84375
-6.25 39.84375
-6.09375 39.84375
-5.9375 39.84375
-5.78125 39.84375
-5.625 39.84375
-5.46875 39.84375
-5.3125 39.84375
-5.15625 39.84375
-5.0 39.84375
-4.84375 39.84375
-4.6875 39.84375
-4.53125 39.84375
-4.375 39.84375
-7.65625 39.6875
-7.5 39.6875
-7.34375 39.6875
-7.1875 39.6875
-7.03125 39.6875
-6.875 39.6875
-6.71875 39.6875
-6.5625 39.6875
-6.40625 39.6875
-6.25 39.6875
-6.09375 39.6875
-5.9375 39.6875
-5.78125 39.6875
-5.625 39.6875
-5.46875 39.6875
-5.3125 39.6875
-5.15625 39.6875
-5.0 39.6875
-4.84375 39.6875
-4.6875 39.6875
-4.53125 39.6875
-4.375 39.6875
-7.65625 39.53125
-7.5 39.53125
-7.34375 39.53125
-7.1875 39.53125
-7.03125 39.53125
-6.875 39.53125
-6.71875 39.53125
-6.5625 39.53125
-6.40625 39.53125
-6.25 39.53125
-6.09375 39.53125
-5.9375 39.53125
-5.78125 39.53125
-5.625 39.53125
-5.46875 39.53125
-5.3125 39.53125
-5.15625 39.53125
-5.0 39.53125
-4.84375 39.53125
-4.6875 39.53125
-4.53125 39.53125
-4.375 39.53125
-7.65625 39.375
-7.5 39.375
-7.34375 39.375
-7.1875 39.375
-7.03125 39.375
-6.875 39.375
-6.71875 39.375
-6.5625 39.375
-6.40625 39.375
-6.25 39.375
-6.09375 39.375
-5.9375 39.375
-5.78125 39.375
-5.625 39.375
-5.46875 39.375
-5.3125 39.375
-5.15625 39.375
-5.0 39.375
-4.84375 39.375
-4.6875 39.375
-4.53125 39.375
-4.375 39.375
-7.65625 39.21875
-7.5 39.21875
-7.34375 39.21875
-7.1875 39.21875
-7.03125 39.21875
-6.875 39.21875
-6.71875 39.21875
-6.5625 39.21875
-6.40625 39.21875
-6.25 39.21875
-6.09375 39.21875
-5.9375 39.21875
-5.78125 39.21875
-5.625 39.21875
-5.46875 39.21875
-5.3125 39.21875
-5.15625 39.21875
-5.0 39.21875
-4.84375 39.21875
-4.6875 39.21875
-4.53125 39.21875
-4.375 39.21875
-7.65625 39.0625
-7.5 39.0625
-7.34375 39.0625
-7.1875 39.0625
-7.03125 39.0625
-6.875 39.0625
-6.71875 39.0625
-6.5625 39.0625
-6.40625 39.0625
-6.25 39.0625
-6.09375 39.0625
-5.9375 39.0625
-5.78125 39.0625
-5.625 39.0625
-5.46875 39.0625
-5.3125 39.0625
-5.15625 39.0625
-5.0 39.0625
-4.84375 39.0625
-4.6875 39.0625
-4.53125 39.0625
-4.375 39.0625
-7.65625 38.90625
-7.5 38.90625
-7.34375 38.90625
-7.1875 38.90625
-7.03125 38.90625
-6.875 38.90625
-6.71875 38.90625
-6.5625 38.90625
-6.40625 38.90625
-6.25 38.90625
-6.09375 38.90625
-5.9375 38.90625
-5.78125 38.90625
-5.625 38.90625
-5.46875 38.90625
-5.3125 38.90625
-5.15625 38.90625
-5.0 38.90625
-4.84375 38.90625
-4.6875 38.90625
-4.53125 38.90625
-4.375 38.90625
-7.65625 38.75
-7.5 38.75
-7.34375 38.75
-7.1875 38.75
-7.03125 38.75
-6.875 38.75
-6.71875 38.75
-6.5625 38.75
-6.40625 38.75
-6.25 38.75
-6.09375 38.75
-5.9375 38.75
-5.78125 38.75
-5.625 38.75
-5.46875 38.75
-5.3125 38.75
-5.15625 38.75
-5.0 38.75
-4.84375 38.75
-4.6875 38.75
-4.53125 38.75
-4.375 38.75
-7.65625 38.59375
-7.5 38.59375
-7.34375 38.59375
-7.1875 38.59375
-7.03125 38.59375
-6.875 38.59375
-6.71875 38.59375
-6.5625 38.59375
-6.40625 38.59375
-6.25 38.59375
-6.09375 38.59375
-5.9375 38.59375
-5.78125 38.59375
-5.625 38.59375
-5.46875 38.59375
-5.3125 38.59375
-5.15625 38.59375
-5.0 38.59375
-4.84375 38.59375
-4.6875 38.59375
-4.53125 38.59375
-4.375 38.59375
-7.65625 38.4375
-7.5 38.4375
-7.34375 38.4375
-7.1875 38.4375
-7.03125 38.4375
-6.875 38.4375
-6.71875 38.4375
-6.5625 38.4375
-6.40625 38.4375
-6.25 38.4375
-6.09375 38.4375
-5.9375 38.4375
-5.78125 38.4375
-5.625 38.4375
-5.46875 38.4375
-5.3125 38.4375
-5.15625 38.4375
-5.0 38.4375
-4.84375 38.4375
-4.6875 38.4375
-4.53125 38.4375
-4.375 38.4375
-7.65625 38.28125
-7.5 38.28125
-7.34375 38.28125
-7.1875 38.28125
-7.03125 38.28125
-6.875 38.28125
-6.71875 38.28125
-6.5625 38.28125
-6.40625 38.28125
-6.25 38.28125
-6.09375 38.28125
-5.9375 38.28125
-5.78125 38.28125
-5.625 38.28125
-5.46875 38.28125
-5.3125 38.28125
-5.15625 38.28125
-5.0 38.28125
-4.84375 38.28125
-4.6875 38.28125
-4.53125 38.28125
-4.375 38.28125
-7.65625 38.125
-7.5 38.125
-7.34375 38.125
-7.1875 38.125
-7.03125 38.125
-6.875 38.125
-6.71875 38.125
-6.5625 38.125
-6.40625 38.125
-6.25 38.125
-6.09375 38.125
-5.9375 38.125
-5.78125 38.125
-5.625 38.125
-5.46875 38.125
-5.3125 38.125
-5.15625 38.125
-5.0 38.125
-4.84375 38.125
-4.6875 38.125
-4.53125 38.125
-4.375 38.125
-7.65625 37.96875
-7.5 37.96875
-7.34375 37.96875
-7.1875 37.96875
-7.03125 37.96875
-6.875 37.96875
-6.71875 37.96875
-6.5625 37.96875
-6.40625 37.96875
-6.25 37.96875
-6.09375 37.96875
-5.9375 37.96875
-5.78125 37.96875
-5.625 37.96875
-5.46875 37.96875
-5.3125 37.96875
-5.15625 37.96875
-5.0 37.96875
-4.84375 37.96875
-4.6875 37.96875
-4.53125 37.96875
-4.375 37.96875
-7.65625 37.8125
-7.5 37.8125
-7.34375 37.8125
-7.1875 37.8125
-7.03125 37.8125
-6.875 37.8125
-6.71875 37.8125
-6.5625 37.8125
-6.40625 37.8125
-6.25 37.8125
-6.09375 37.8125
-5.9375 37.8125
-5.78125 37.8125
-5.625 37.8125
-5.46875 37.8125
-5.3125 37.8125
-5.15625 37.8125
-5.0 37.8125
-4.84375 37.8125
-4.6875 37.8125
-4.53125 37.8125
-4.375 37.8125
-7.65625 37.65625
-7.5 37.65625
-7.34375 37.65625
-7.1875 37.65625
-7.03125 37.65625
-6.875 37.65625
-6.71875 37.65625
-6.5625 37.65625
-6.40625 37.65625
-6.25 37.65625
-6.09375 37.65625
-5.9375 37.65625
-5.78125 37.65625
-5.625 37.65625
-5.46875 37.65625
-5.3125 37.65625
-5.15625 37.65625
-5.0 37.65625
-4.84375 37.65625
-4.6875 37.65625
-4.53125 37.65625
-4.375 37.65625
-7.65625 37.5
-7.5 37.5
-7.34375 37.5
-7.1875 37.5
-7.03125 37.5
-6.875 37.5
-6.71875 37.5
-6.5625 37.5
-6.40625 37.5
-6.25 37.5
-6.09375 37.5
-5.9375 37.5
-5.78125 37.5
-5.625 37.5
-5.46875 37.5
-5.3125 37.5
-5.15625 37.5
-5.0 37.5
-4.84375 37.5
-4.6875 37.5
-4.53125 37.5
-4.375 37.5
-7.65625 37.34375
-7.5 37.34375
-7.34375 37.34375
-7.1875 37.34375
-7.03125 37.34375
-6.875 37.34375
-6.71875 37.34375
-6.5625 37.34375
-6.40625 37.34375
-6.25 37.34375
-6.09375 37.34375
-5.9375 37.34375
-5.78125 37.34375
-5.625 37.34375
-5.46875 37.34375
-5.3125 37.34375
-5.15625 37.34375
-5.0 37.34375
-4.84375 37.34375
-4.6875 37.34375
-4.53125 37.34375
-4.375 37.34375
-7.65625 37.1875
-7.5 37.1875
-7.34375 37.1875
-7.1875 37.1875
-7.03125 37.1875
-6.875 37.1875
-6.71875 37.1875
-6.5625 37.1875
-6.40625 37.1875
-6.25 37.1875
-6.09375 37.1875
-5.9375 37.1875
-5.78125 37.1875
-5.625 37.1875
-5.46875 37.1875
-5.3125 37.1875
-5.15625 37.1875
-5.0 37.1875
-4.84375 37.1875
-4.6875 37.1875
-4.53125 37.1875
-4.375 37.1875
-7.65625 37.03125
-7.5 37.03125
-7.34375 37.03125
-7.1875 37.03125
-7.03125 37.03125
-6.875 37.03125
-6.71875 37.03125
-6.5625 37.03125
-6.40625 37.03125
-6.25 37.03125
-6.09375 37.03125
-5.9375 37.03125
-5.78125 37.03125
-5.625 37.03125
-5.46875 37.03125
-5.3125 37.03125
-5.15625 37.03125
-5.0 37.03125
-4.84375 37.03125
-4.6875 37.03125
-4.53125 37.03125
-4.375 37.03125
-7.65625 36.875
-7.5 36.875
-7.34375 36.875
-7.1875 36.875
-7.03125 36.875
-6.875 36.875
-6.71875 36.875
-6.5625 36.875
-6.40625 36.875
-6.25 36.875
-6.09375 36.875
-5.9375 36.875
-5.78125 36.875
-5.625 36.875
-5.46875 36.875
-5.3125 36.875
-5.15625 36.875
-5.0 36.875
-4.84375 36.875
-4.6875 36.875
-4.53125 36.875
-4.375 36.875
-4.21875 36.875
-4.0625 36.875
-7.5 36.71875
-7.34375 36.71875
-7.1875 36.71875
-7.03125 36.71875
-6.875 36.71875
-6.71875 36.71875
-6.5625 36.71875
-6.40625 36.71875
-6.25 36.71875
-6.09375 36.71875
-5.9375 36.71875
-5.78125 36.71875
-5.625 36.71875
-5.46875 36.71875
-5.3125 36.71875
-5.15625 36.71875
-5.0 36.71875
-4.84375 36.71875
-4.6875 36.71875
-4.53125 36.71875
-4.375 36.71875
-4.21875 36.71875
-4.0625 36.71875
-7.5 36.5625
-7.34375 36.5625
-7.1875 36.5625
-7.03125 36.5625
-6.875 36.5625
-6.71875 36.5625
-6.5625 36.5625
-6.40625 36.5625
-6.25 36.5625
-6.09375 36.5625
-5.9375 36.5625
-5.78125 36.5625
-5.625 36.5625
-5.46875 36.5625
-5.3125 36.5625
-5.15625 36.5625
-5.0 36.5625
-4.84375 36.5625
-4.6875 36.5625
-4.53125 36.5625
-4.375 36.5625
-4.21875 36.5625
-4.0625 36.5625
-7.34375 36.40625
-7.1875 36.40625
-7.03125 36.40625
-6.875 36.40625
-6.71875 36.40625
-6.5625 36.40625
-6.40625 36.40625
-6.25 36.40625
-6.09375 36.40625
-5.9375 36.40625
-5.78125 36.40625
-5.625 36.40625
-5.46875 36.40625
-5.3125 36.40625
-5.15625 36.40625
-5.0 36.40625
-4.84375 36.40625
-4.6875 36.40625
-4.53125 36.40625
-4.375 36.40625
-4.21875 36.40625
-4.0625 36.40625
-7.34375 36.25
-7.1875 36.25
-7.03125 36.25
-6.875 36.25
-6.71875 36.25
-6.5625 36.25
-6.40625 36.25
-6.25 36.25
-6.09375 36.25
-5.9375 36.25
-5.78125 36.25
-5.625 36.25
-5.46875 36.25
-5.3125 36.25
-5.15625 36.25
-5.0 36.25
-4.84375 36.25
-4.6875 36.25
-4.53125 36.25
-4.375 36.25
-4.21875 36.25
-4.0625 36.25
-7.1875 36.09375
-7.03125 36.09375
-6.875 36.09375
-6.71875 36.09375
-6.5625 36.09375
-6.40625 36.09375
-6.25 36.09375
-6.09375 36.09375
-5.9375 36.09375
-5.78125 36.09375
-5.625 36.09375
-5.46875 36.09375
-5.3125 36.09375
-5.15625 36.09375
-5.0 36.09375
-4.84375 36.09375
-4.6875 36.09375
-4.53125 36.09375
-4.375 36.09375
-4.21875 36.09375
-4.0625 36.09375
-7.1875 35.9375
-7.03125 35.9375
-6.875 35.9375
-6.71875 35.9375
-6.5625 35.9375
-6.40625 35.9375
-6.25 35.9375
-6.09375 35.9375
-5.9375 35.9375
-5.78125 35.9375
-5.625 35.9375
-5.46875 35.9375
-5.3125 35.9375
-5.15625 35.9375
-5.0 35.9375
-4.84375 35.9375
-4.6875 35.9375
-4.53125 35.9375
-4.375 35.9375
-4.21875 35.9375
-4.0625 35.9375
-7.03125 35.78125
-6.875 35.78125
-6.71875 35.78125
-6.5625 35.78125
-6.40625 35.78125
-6.25 35.78125
-6.09375 35.78125
-5.9375 35.78125
-5.78125 35.78125
-5.625 35.78125
-5.46875 35.78125
-5.3125 35.78125
-5.15625 35.78125
-5.0 35.78125
-4.84375 35.78125
-4.6875 35.78125
-4.53125 35.78125
-4.375 35.78125
-4.21875 35.78125
-4.0625 35.78125
-3.90625 35.78125
-7.03125 35.625
-6.875 35.625
-6.71875 35.625
-6.5625 35.625
-6.40625 35.625
-6.25 35.625
-6.09375 35.625
-5.9375 35.625
-5.78125 35.625
-5.625 35.625
-5.46875 35.625
-5.3125 35.625
-5.15625 35.625
-5.0 35.625
-4.84375 35.625
-4.6875 35.625
-4.53125 35.625
-4.375 35.625
-4.21875 35.625
-4.0625 35.625
-3.90625 35.625
-7.03125 35.46875
-6.875 35.46875
-6.71875 35.46875
-6.5625 35.46875
-6.40625 35.46875
-6.25 35.46875
-6.09375 35.46875
-5.9375 35.46875
-5.78125 35.46875
-5.625 35.46875
-5.46875 35.46875
-5.3125 35.46875
-5.15625 35.46875
-5.0 35.46875
-4.84375 35.46875
-4.6875 35.46875
-4.53125 35.46875
-4.375 35.46875
-4.21875 35.46875
-4.0625 35.46875
-3.90625 35.46875
-7.03125 35.3125
-6.71875 35.3125
-6.5625 35.3125
-6.40625 35.3125
-6.25 35.3125
-6.09375 35.3125
-5.9375 35.3125
-5.78125 35.3125
-5.625 35.3125
-5.46875 35.3125
-5.3125 35.3125
-5.15625 35.3125
-5.0 35.3125
-4.84375 35.3125
-4.6875 35.3125
-4.53125 35.3125
-4.375 35.3125
-4.21875 35.3125
-4.0625 35.3125
-3.90625 35.3125
-6.71875 35.15625
-6.5625 35.15625
-6.40625 35.15625
-6.25 35.15625
-6.09375 35.15625
-5.9375 35.15625
-5.78125 35.15625
-5.625 35.15625
-5.46875 35.15625
-5.3125 35.15625
-5.15625 35.15625
-5.0 35.15625
-4.84375 35.15625
-4.6875 35.15625
-4.53125 35.15625
-4.375 35.15625
-4.21875 35.15625
-4.0625 35.15625
-3.90625 35.15625
-6.71875 35.0
-6.5625 35.0
-6.40625 35.0
-6.25 35.0
-6.09375 35.0
-5.9375 35.0
-5.78125 35.0
-5.625 35.0
-5.46875 35.0
-5.3125 35.0
-5.15625 35.0
-5.0 35.0
-4.84375 35.0
-4.6875 35.0
-4.53125 35.0
-4.375 35.0
-4.21875 35.0
-4.0625 35.0
-3.90625 35.0
-6.71875 34.84375
-6.5625 34.84375
-6.40625 34.84375
-6.25 34.84375
-6.09375 34.84375
-5.9375 34.84375
-5.78125 34.84375
-5.625 34.84375
-5.46875 34.84375
-5.3125 34.84375
-5.15625 34.84375
-5.0 34.84375
-4.84375 34.84375
-4.6875 34.84375
-4.53125 34.84375
-4.375 34.84375
-4.21875 34.84375
-4.0625 34.84375
-3.90625 34.84375
-6.71875 34.6875
-6.5625 34.6875
-6.40625 34.6875
-6.25 34.6875
-6.09375 34.6875
-5.9375 34.6875
-5.78125 34.6875
-5.625 34.6875
-5.46875 34.6875
-5.3125 34.6875
-5.15625 34.6875
-5.0 34.6875
-4.84375 34.6875
-4.6875 34.6875
-4.53125 34.6875
-4.375 34.6875
-4.21875 34.6875
-4.0625 34.6875
-3.90625 34.6875
-6.71875 34.53125
-6.5625 34.53125
-6.40625 34.53125
-6.25 34.53125
-6.09375 34.53125
-5.9375 34.53125
-5.78125 34.53125
-5.625 34.53125
-5.46875 34.53125
-5.3125 34.53125
-5.15625 34.53125
-5.0 34.53125
-4.84375 34.53125
-4.6875 34.53125
-4.53125 34.53125
-4.375 34.53125
-4.21875 34.53125
-4.0625 34.53125
-3.90625 34.53125
-6.71875 34.375
-6.5625 34.375
-6.40625 34.375
-6.25 34.375
-6.09375 34.375
-5.9375 34.375
-5.78125 34.375
-5.625 34.375
-5.46875 34.375
-5.3125 34.375
-5.15625 34.375
-5.0 34.375
-4.84375 34.375
-4.6875 34.375
-4.53125 34.375
-4.375 34.375
-4.21875 34.375
-4.0625 34.375
-3.90625 34.375
-6.71875 34.21875
-6.5625 34.21875
-6.40625 34.21875
-6.25 34.21875
-6.09375 34.21875
-5.9375 34.21875
-5.78125 34.21875
-5.625 34.21875
-5.46875 34.21875
-5.3125 34.21875
-5.15625 34.21875
-5.0 34.21875
-4.84375 34.21875
-4.6875 34.21875
-4.53125 34.21875
-4.375 34.21875
-4.21875 34.21875
-4.0625 34.21875
-3.90625 34.21875
-6.71875 34.0625
-6.5625 34.0625
-6.40625 34.0625
-6.25 34.0625
-6.09375 34.0625
-5.9375 34.0625
-5.78125 34.0625
-5.625 34.0625
-5.46875 34.0625
-5.3125 34.0625
-5.15625 34.0625
-5.0 34.0625
-4.84375 34.0625
-4.6875 34.0625
-4.53125 34.0625
-4.375 34.0625
-4.21875 34.0625
-4.0625 34.0625
-3.90625 34.0625
-6.71875 33.90625
-6.5625 33.90625
-6.40625 33.90625
-6.25 33.90625
-6.09375 33.90625
-5.9375 33.90625
-5.78125 33.90625
-5.625 33.90625
-5.46875 33.90625
-5.3125 33.90625
-5.15625 33.90625
-5.0 33.90625
-4.84375 33.90625
-4.6875 33.90625
-4.53125 33.90625
-4.375 33.90625
-4.21875 33.90625
-4.0625 33.90625
-3.90625 33.90625
-6.5625 33.75
-6.40625 33.75
-6.25 33.75
-6.09375 33.75
-5.9375 33.75
-5.78125 33.75
-5.625 33.75
-5.46875 33.75
-5.3125 33.75
-5.15625 33.75
-5.0 33.75
-4.84375 33.75
-4.6875 33.75
-4.53125 33.75
-4.375 33.75
-4.21875 33.75
-4.0625 33.75
-3.90625 33.75
-6.5625 33.59375
-6.40625 33.59375
-6.25 33.59375
-6.09375 33.59375
-5.9375 33.59375
-5.78125 33.59375
-5.625 33.59375
-5.46875 33.59375
-5.3125 33.59375
-5.15625 33.59375
-5.0 33.59375
-4.84375 33.59375
-4.6875 33.59375
-4.53125 33.59375
-4.375 33.59375
-4.21875 33.59375
-4.0625 33.59375
-3.90625 33.59375
-6.5625 33.4375
-6.40625 33.4375
-6.25 33.4375
-6.09375 33.4375
-5.9375 33.4375
-5.78125 33.4375
-5.625 33.4375
-5.46875 33.4375
-5.3125 33.4375
-5.15625 33.4375
-5.0 33.4375
-4.84375 33.4375
-4.6875 33.4375
-4.53125 33.4375
-4.375 33.4375
-4.21875 33.4375
-4.0625 33.4375
-3.90625 33.4375
-6.40625 33.28125
-6.25 33.28125
-6.09375 33.28125
-5.9375 33.28125
-5.78125 33.28125
-5.625 33.28125
-5.46875 33.28125
-5.3125 33.28125
-5.15625 33.28125
-5.0 33.28125
-4.84375 33.28125
-4.6875 33.28125
-4.53125 33.28125
-4.375 33.28125
-4.21875 33.28125
-4.0625 33.28125
-3.90625 33.28125
-6.40625 33.125
-6.25 33.125
-6.09375 33.125
-5.9375 33.125
-5.78125 33.125
-5.625 33.125
-5.46875 33.125
-5.3125 33.125
-5.15625 33.125
-5.0 33.125
-4.84375 33.125
-4.6875 33.125
-4.53125 33.125
-4.375 33.125
-4.21875 33.125
-4.0625 33.125
-6.40625 32.96875
-6.25 32.96875
-6.09375 32.96875
-5.9375 32.96875
-5.78125 32.96875
-5.625 32.96875
-5.46875 32.96875
-5.3125 32.96875
-5.15625 32.96875
-5.0 32.96875
-4.84375 32.96875
-4.6875 32.96875
-4.53125 32.96875
-4.375 32.96875
-4.21875 32.96875
-4.0625 32.96875
-6.40625 32.8125
-6.25 32.8125
-6.09375 32.8125
-5.9375 32.8125
-5.78125 32.8125
-5.625 32.8125
-5.46875 32.8125
-5.3125 32.8125
-5.15625 32.8125
-5.0 32.8125
-4.84375 32.8125
-4.6875 32.8125
-4.53125 32.8125
-4.375 32.8125
-4.21875 32.8125
-4.0625 32.8125
-6.40625 32.65625
-6.25 32.65625
-6.09375 32.65625
-5.9375 32.65625
-5.78125 32.65625
-5.625 32.65625
-5.46875 32.65625
-5.3125 32.65625
-5.15625 32.65625
-5.0 32.65625
-4.84375 32.65625
-4.6875 32.65625
-4.53125 32.65625
-4.375 32.65625
-4.21875 32.65625
-4.0625 32.65625
-6.25 32.5
-6.09375 32.5
-5.9375 32.5
-5.78125 32.5
-5.625 32.5
-5.46875 32.5
-5.3125 32.5
-5.15625 32.5
-5.0 32.5
-4.84375 32.5
-4.6875 32.5
-4.53125 32.5
-4.375 32.5
-4.21875 32.5
-4.0625 32.5
-6.25 32.34375
-6.09375 32.34375
-5.9375 32.34375
-5.78125 32.34375
-5.625 32.34375
-5.46875 32.34375
-5.3125 32.34375
-5.15625 32.34375
-5.0 32.34375
-4.84375 32.34375
-4.6875 32.34375
-4.53125 32.34375
-4.375 32.34375
-4.21875 32.34375
-4.0625 32.34375
-6.25 32.1875
-6.09375 32.1875
-5.9375 32.1875
-5.78125 32.1875
-5.625 32.1875
-5.46875 32.1875
-5.3125 32.1875
-5.15625 32.1875
-5.0 32.1875
-4.84375 32.1875
-4.6875 32.1875
-4.53125 32.1875
-4.375 32.1875
-4.21875 32.1875
-4.0625 32.1875
-6.25 32.03125
-6.09375 32.03125
-5.9375 32.03125
-5.78125 32.03125
-5.625 32.03125
-5.46875 32.03125
-5.3125 32.03125
-5.15625 32.03125
-5.0 32.03125
-4.84375 32.03125
-4.6875 32.03125
-4.53125 32.03125
-4.375 32.03125
-4.21875 32.03125
-4.0625 32.03125
-6.25 31.875
-6.09375 31.875
-5.9375 31.875
-5.78125 31.875
-5.625 31.875
-5.46875 31.875
-5.3125 31.875
-5.15625 31.875
-5.0 31.875
-4.84375 31.875
-4.6875 31.875
-4.53125 31.875
-4.375 31.875
-4.21875 31.875
-4.0625 31.875
-6.25 31.71875
-6.09375 31.71875
-5.9375 31.71875
-5.78125 31.71875
-5.625 31.71875
-5.46875 31.71875
-5.3125 31.71875
-5.15625 31.71875
-5.0 31.71875
-4.84375 31.71875
-4.6875 31.71875
-4.53125 31.71875
-4.375 31.71875
-4.21875 31.71875
-4.0625 31.71875
-5.9375 31.5625
-5.78125 31.5625
-5.625 31.5625
-5.46875 31.5625
-5.3125 31.5625
-5.15625 31.5625
-5.0 31.5625
-4.84375 31.5625
-4.6875 31.5625
-4.53125 31.5625
-4.375 31.5625
-4.21875 31.5625
-4.0625 31.5625
-5.9375 31.40625
-5.78125 31.40625
-5.625 31.40625
-5.46875 31.40625
-5.3125 31.40625
-5.15625 31.40625
-5.0 31.40625
-4.84375 31.40625
-4.6875 31.40625
-4.53125 31.40625
-4.375 31.40625
-4.21875 31.40625
-4.0625 31.40625
-5.9375 31.25
-5.78125 31.25
-5.625 31.25
-5.46875 31.25
-5.3125 31.25
-5.15625 31.25
-5.0 31.25
-4.84375 31.25
-4.6875 31.25
-4.53125 31.25
-4.375 31.25
-4.21875 31.25
-4.0625 31.25
-5.9375 31.09375
-5.78125 31.09375
-5.625 31.09375
-5.46875 31.09375
-5.3125 31.09375
-5.15625 31.09375
-5.0 31.09375
-4.84375 31.09375
-4.6875 31.09375
-4.53125 31.09375
-4.375 31.09375
-4.21875 31.09375
-4.0625 31.09375
-5.9375 30.9375
-5.78125 30.9375
-5.625 30.9375
-5.46875 30.9375
-5.3125 30.9375
-5.15625 30.9375
-5.0 30.9375
-4.84375 30.9375
-4.6875 30.9375
-4.53125 30.9375
-4.375 30.9375
-4.21875 30.9375
-4.0625 30.9375
-5.625 30.78125
-5.46875 30.78125
-5.3125 30.78125
-5.15625 30.78125
-5.0 30.78125
-4.84375 30.78125
-4.6875 30.78125
-4.53125 30.78125
-4.375 30.78125
-4.21875 30.78125
-4.0625 30.78125
-5.625 30.625
-5.46875 30.625
-5.3125 30.625
-5.15625 30.625
-5.0 30.625
-4.84375 30.625
-4.6875 30.625
-4.53125 30.625
-4.375 30.625
-4.21875 30.625
-4.0625 30.625
-5.625 30.46875
-5.46875 30.46875
-5.3125 30.46875
-5.15625 30.46875
-5.0 30.46875
-4.84375 30.46875
-4.6875 30.46875
-4.53125 30.46875
-4.375 30.46875
-4.21875 30.46875
-4.0625 30.46875
-5.625 30.3125
-5.46875 30.3125
-5.3125 30.3125
-5.15625 30.3125
-5.0 30.3125
-4.84375 30.3125
-4.6875 30.3125
-4.53125 30.3125
-4.375 30.3125
-4.21875 30.3125
-4.0625 30.3125
-5.625 30.15625
-5.46875 30.15625
-5.3125 30.15625
-5.15625 30.15625
-5.0 30.15625
-4.84375 30.15625
-4.6875 30.15625
-4.53125 30.15625
-4.375 30.15625
-4.21875 30.15625
-4.0625 30.15625
-5.46875 30.0
-5.3125 30.0
-5.15625 30.0
-5.0 30.0
-4.84375 30.0
-4.6875 30.0
-4.53125 30.0
-4.375 30.0
-4.21875 30.0
-4.0625 30.0
-5.46875 29.84375
-5.3125 29.84375
-5.15625 29.84375
-5.0 29.84375
-4.84375 29.84375
-4.6875 29.84375
-4.53125 29.84375
-4.375 29.84375
-4.21875 29.84375
-4.0625 29.84375
-5.46875 29.6875
-5.3125 29.6875
-5.15625 29.6875
-5.0 29.6875
-4.84375 29.6875
-4.6875 29.6875
-4.53125 29.6875
-4.375 29.6875
-4.21875 29.6875
-4.0625 29.6875
-5.46875 29.53125
-5.3125 29.53125
-5.15625 29.53125
-5.0 29.53125
-4.84375 29.53125
-4.6875 29.53125
-4.53125 29.53125
-4.375 29.53125
-4.21875 29.53125
-4.0625 29.53125
-5.46875 29.375
-5.3125 29.375
-5.15625 29.375
-5.0 29.375
-4.84375 29.375
-4.6875 29.375
-4.53125 29.375
-4.375 29.375
-4.21875 29.375
-4.0625 29.375
-5.3125 29.21875
-5.15625 29.21875
-5.0 29.21875
-4.84375 29.21875
-4.6875 29.21875
-4.53125 29.21875
-4.375 29.21875
-4.21875 29.21875
-4.0625 29.21875
-5.3125 29.0625
-5.0 29.0625
-4.84375 29.0625
-4.6875 29.0625
-4.53125 29.0625
-4.375 29.0625
-4.21875 29.0625
-4.0625 29.0625
-5.3125 28.90625
-5.0 28.90625
-4.84375 28.90625
-4.6875 28.90625
-4.53125 28.90625
-4.375 28.90625
-4.0625 28.90625
-5.0 28.75
-4.84375 28.75
-4.6875 28.75
-4.53125 28.75
-5.0 28.59375
-4.84375 28.59375
-4.6875 28.59375
-4.53125 28.59375
-5.0 28.4375
-4.84375 28.4375
-4.6875 28.4375
-4.53125 28.4375
-5.0 28.28125
-4.84375 28.28125
-4.6875 28.28125
-4.53125 28.28125
-5.0 28.125
-4.84375 28.125
-4.6875 28.125
-4.53125 28.125
-5.0 27.96875
-4.84375 27.96875
-4.6875 27.96875
-4.53125 27.96875
-5.0 27.8125
-4.84375 27.8125
-4.6875 27.8125
-4.53125 27.8125
-4.6875 27.65625
-4.53125 27.65625
-4.6875 27.5
-4.53125 27.5
-4.6875 27.34375
-4.53125 27.34375
-4.53125 27.1875
