3.59375 31.40625
3.75 31.40625
3.90625 31.40625
4.0625 31.40625
4.21875 31.40625
3.59375 31.25
3.75 31.25
3.90625 31.25
4.0625 31.25
4.21875 31.25
3.59375 31.09375
3.75 31.09375
3.90625 31.09375
4.0625 31.09375
4.21875 31.09375
3.59375 30.9375
3.75 30.9375
3.90625 30.9375
4.0625 30.9375
4.21875 30.9375
3.59375 30.78125
3.75 30.78125
3.90625 30.78125
4.0625 30.78125
4.21875 30.78125
3.59375 30.625
3.75 30.625
3.90625 30.625
4.0625 30.625
4.21875 30.625
3.59375 30.46875
3.75 30.46875
3.90625 30.46875
4.0625 30.46875
4.21875 30.46875
3.59375 30.3125
3.75 30.3125
3.90625 30.3125
4.0625 30.3125
4.21875 30.3125
4.375 30.3125
3.59375 30.15625
3.75 30.15625
3.90625 30.15625
4.0625 30.15625
4.21875 30.15625
4.375 30.15625
4.53125 30.15625
3.59375 30.0
3.75 30.0
3.90625 30.0
4.0625 30.0
4.21875 30.0
4.375 30.0
4.53125 30.0
4.6875 30.0
3.59375 29.84375
3.75 29.84375
3.90625 29.84375
4.0625 29.84375
4.21875 29.84375
4.375 29.84375
4.53125 29.84375
4.6875 29.84375
3.59375 29.6875
3.75 29.6875
3.90625 29.6875
4.0625 29.6875
4.21875 29.6875
4.375 29.6875
4.53125 29.6875
4.6875 29.6875
3.59375 29.53125
3.75 29.53125
3.90625 29.53125
4.0625 29.53125
4.21875 29.53125
4.375 29.53125
4.53125 29.53125
4.6875 29.53125
3.59375 29.375
3.75 29.375
3.90625 29.375
4.0625 29.375
4.21875 29.375
4.375 29.375
4.53125 29.375
4.6875 29.375
3.59375 29.21875
3.75 29.21875
3.90625 29.21875
4.0625 29.21875
4.21875 29.21875
4.375 29.21875
4.53125 29.21875
4.6875 29.21875
3.59375 29.0625
3.75 29.0625
3.90625 29.0625
4.0625 29.0625
4.21875 29.0625
4.375 29.0625
4.53125 29.0625
4.6875 29.0625
3.59375 28.90625
3.75 28.90625
3.90625 28.90625
4.0625 28.90625
4.21875 28.90625
4.375 28.90625
4.53125 28.90625
4.6875 28.90625
3.59375 28.75
3.75 28.75
3.90625 28.75
4.0625 28.75
4.21875 28.75
4.375 28.75
4.53125 28.75
4.6875 28.75
4.84375 28.75
5.0 28.75
5.15625 28.75
5.3125 28.75
5.46875 28.75
5.625 28.75
5.78125 28.75
5.9375 28.75
6.09375 28.75
6.25 28.75
6.40625 28.75
3.59375 28.59375
3.75 28.59375
3.90625 28.59375
4.0625 28.59375
4.21875 28.59375
4.375 28.59375
4.53125 28.59375
4.6875 28.59375
4.84375 28.59375
5.0 28.59375
5.15625 28.59375
5.3125 28.59375
5.46875 28.59375
5.625 28.59375
5.78125 28.59375
5.9375 28.59375
6.09375 28.59375
6.25 28.59375
6.40625 28.59375
3.59375 28.4375
3.75 28.4375
3.90625 28.4375
4.0625 28.4375
4.21875 28.4375
4.375 28.4375
4.53125 28.4375
4.6875 28.4375
4.84375 28.4375
5.0 28.4375
5.15625 28.4375
5.3125 28.4375
5.46875 28.4375
5.625 28.4375
5.78125 28.4375
5.9375 28.4375
6.09375 28.4375
6.25 28.4375
6.40625 28.4375
3.59375 28.28125
3.75 28.28125
3.90625 28.28125
4.0625 28.28125
4.21875 28.28125
4.375 28.28125
4.53125 28.28125
4.6875 28.28125
4.84375 28.28125
5.0 28.28125
5.15625 28.28125
5.3125 28.28125
5.46875 28.28125
5.625 28.28125
5.78125 28.28125
5.9375 28.28125
6.09375 28.28125
6.25 28.28125
6.40625 28.28125
6.5625 28.28125
3.59375 28.125
3.75 28.125
3.90625 28.125
4.0625 28.125
4.21875 28.125
4.375 28.125
4.53125 28.125
4.6875 28.125
4.84375 28.125
5.0 28.125
5.15625 28.125
5.3125 28.125
5.46875 28.125
5.625 28.125
5.78125 28.125
5.9375 28.125
6.09375 28.125
6.25 28.125
6.40625 28.125
6.5625 28.125
3.59375 27.96875
3.75 27.96875
3.90625 27.96875
4.0625 27.96875
4.21875 27.96875
4.375 27.96875
4.53125 27.96875
4.6875 27.96875
4.84375 27.96875
5.0 27.96875
5.15625 27.96875
5.3125 27.96875
5.46875 27.96875
5.625 27.96875
5.78125 27.96875
5.9375 27.96875
6.09375 27.96875
6.25 27.96875
6.40625 27.96875
6.5625 27.96875
3.59375 27.8125
3.75 27.8125
3.90625 27.8125
4.0625 27.8125
4.21875 27.8125
4.375 27.8125
4.53125 27.8125
4.6875 27.8125
4.84375 27.8125
5.0 27.8125
5.15625 27.8125
5.3125 27.8125
5.46875 27.8125
5.625 27.8125
5.78125 27.8125
5.9375 27.8125
6.09375 27.8125
6.25 27.8125
6.40625 27.8125
6.5625 27.8125
3.59375 27.65625
3.75 27.65625
3.90625 27.65625
4.0625 27.65625
4.21875 27.65625
4.375 27.65625
4.53125 27.65625
4.6875 27.65625
4.84375 27.65625
5.0 27.65625
5.15625 27.65625
5.3125 27.65625
5.46875 27.65625
5.625 27.65625
5.78125 27.65625
5.9375 27.65625
6.09375 27.65625
6.25 27.65625
6.40625 27.65625
6.5625 27.65625
3.59375 27.5
3.75 27.5
3.90625 27.5
4.0625 27.5
4.21875 27.5
4.375 27.5
4.53125 27.5
4.6875 27.5
4.84375 27.5
5.0 27.5
5.15625 27.5
5.3125 27.5
5.46875 27.5
5.625 27.5
5.78125 27.5
5.9375 27.5
6.09375 27.5
6.25 27.5
6.40625 27.5
6.5625 27.5
3.59375 27.34375
3.75 27.34375
3.90625 27.34375
4.0625 27.34375
4.21875 27.34375
4.375 27.34375
4.53125 27.34375
4.6875 27.34375
4.84375 27.34375
5.0 27.34375
5.15625 27.34375
5.3125 27.34375
5.46875 27.34375
5.625 27.34375
5.78125 27.34375
5.9375 27.34375
6.09375 27.34375
6.25 27.34375
6.40625 27.34375
6.5625 27.34375
3.59375 27.1875
3.75 27.1875
3.90625 27.1875
4.0625 27.1875
4.21875 27.1875
4.375 27.1875
4.53125 27.1875
4.6875 27.1875
4.84375 27.1875
5.0 27.1875
5.15625 27.1875
5.3125 27.1875
5.46875 27.1875
5.625 27.1875
5.78125 27.1875
5.9375 27.1875
6.09375 27.1875
6.25 27.1875
6.40625 27.1875
6.5625 27.1875
3.59375 27.03125
3.75 27.03125
3.90625 27.03125
4.0625 27.03125
4.21875 27.03125
4.375 27.03125
4.53125 27.03125
4.6875 27.03125
4.84375 27.03125
5.0 27.03125
5.15625 27.03125
5.3125 27.03125
5.46875 27.03125
5.625 27.03125
5.78125 27.03125
5.9375 27.03125
6.09375 27.03125
6.25 27.03125
6.40625 27.03125
6.5625 27.03125
6.71875 27.03125
3.59375 26.875
3.75 26.875
3.90625 26.875
4.0625 26.875
4.21875 26.875
4.375 26.875
4.53125 26.875
4.6875 26.875
4.84375 26.875
5.0 26.875
5.15625 26.875
5.3125 26.875
5.46875 26.875
5.625 26.875
5.78125 26.875
5.9375 26.875
6.09375 26.875
6.25 26.875
6.40625 26.875
6.5625 26.875
6.71875 26.875
3.59375 26.71875
3.75 26.71875
3.90625 26.71875
4.0625 26.71875
4.21875 26.71875
4.375 26.71875
4.53125 26.71875
4.6875 26.71875
4.84375 26.71875
5.0 26.71875
5.15625 26.71875
5.3125 26.71875
5.46875 26.71875
5.625 26.71875
5.78125 26.71875
5.9375 26.71875
6.09375 26.71875
6.25 26.71875
6.40625 26.71875
6.5625 26.71875
6.71875 26.71875
3.59375 26.5625
3.75 26.5625
3.90625 26.5625
4.0625 26.5625
4.21875 26.5625
4.375 26.5625
4.53125 26.5625
4.6875 26.5625
4.84375 26.5625
5.0 26.5625
5.15625 26.5625
5.3125 26.5625
5.46875 26.5625
5.625 26.5625
5.78125 26.5625
5.9375 26.5625
6.09375 26.5625
6.25 26.5625
6.40625 26.5625
6.5625 26.5625
6.71875 26.5625
3.59375 26.40625
3.75 26.40625
3.90625 26.40625
4.0625 26.40625
4.21875 26.40625
4.375 26.40625
4.53125 26.40625
4.6875 26.40625
4.84375 26.40625
5.0 26.40625
5.15625 26.40625
5.3125 26.40625
5.46875 26.40625
5.625 26.40625
5.78125 26.40625
5.9375 26.40625
6.09375 26.40625
6.25 26.40625
6.40625 26.40625
6.5625 26.40625
6.71875 26.40625
3.59375 26.25
3.75 26.25
3.90625 26.25
4.0625 26.25
4.21875 26.25
4.375 26.25
4.53125 26.25
4.6875 26.25
4.84375 26.25
5.0 26.25
5.15625 26.25
5.3125 26.25
5.46875 26.25
5.625 26.25
5.78125 26.25
5.9375 26.25
6.09375 26.25
6.25 26.25
6.40625 26.25
6.5625 26.25
6.71875 26.25
3.59375 26.09375
3.75 26.09375
3.90625 26.09375
4.0625 26.09375
4.21875 26.09375
4.375 26.09375
4.53125 26.09375
4.6875 26.09375
4.84375 26.09375
5.0 26.09375
5.15625 26.09375
5.3125 26.09375
5.46875 26.09375
5.625 26.09375
5.78125 26.09375
5.9375 26.09375
6.09375 26.09375
6.25 26.09375
6.40625 26.09375
6.5625 26.09375
6.71875 26.09375
3.59375 25.9375
3.75 25.9375
3.90625 25.9375
4.0625 25.9375
4.21875 25.9375
4.375 25.9375
4.53125 25.9375
4.6875 25.9375
4.84375 25.9375
5.0 25.9375
5.15625 25.9375
5.3125 25.9375
5.46875 25.9375
5.625 25.9375
5.78125 25.9375
5.9375 25.9375
6.09375 25.9375
6.25 25.9375
6.40625 25.9375
6.5625 25.9375
6.71875 25.9375
3.59375 25.78125
3.75 25.78125
3.90625 25.78125
4.0625 25.78125
4.21875 25.78125
4.375 25.78125
4.53125 25.78125
4.6875 25.78125
4.84375 25.78125
5.0 25.78125
5.15625 25.78125
5.3125 25.78125
5.46875 25.78125
5.625 25.78125
5.78125 25.78125
5.9375 25.78125
6.09375 25.78125
6.25 25.78125
6.40625 25.78125
6.5625 25.78125
6.71875 25.78125
3.59375 25.625
3.75 25.625
3.90625 25.625
4.0625 25.625
4.21875 25.625
4.375 25.625
4.53125 25.625
4.6875 25.625
4.84375 25.625
5.0 25.625
5.15625 25.625
5.3125 25.625
5.46875 25.625
5.625 25.625
5.78125 25.625
5.9375 25.625
6.09375 25.625
6.25 25.625
6.40625 25.625
6.5625 25.625
6.71875 25.625
3.59375 25.46875
3.75 25.46875
3.90625 25.46875
4.0625 25.46875
4.21875 25.46875
4.375 25.46875
4.53125 25.46875
4.6875 25.46875
4.84375 25.46875
5.0 25.46875
5.15625 25.46875
5.3125 25.46875
5.46875 25.46875
5.625 25.46875
5.78125 25.46875
5.9375 25.46875
6.09375 25.46875
6.25 25.46875
6.40625 25.46875
6.5625 25.46875
6.71875 25.46875
3.59375 25.3125
3.75 25.3125
3.90625 25.3125
4.0625 25.3125
4.21875 25.3125
4.375 25.3125
4.53125 25.3125
4.6875 25.3125
4.84375 25.3125
5.0 25.3125
5.15625 25.3125
5.3125 25.3125
5.46875 25.3125
5.625 25.3125
5.78125 25.3125
5.9375 25.3125
6.09375 25.3125
6.25 25.3125
6.40625 25.3125
6.5625 25.3125
6.71875 25.3125
3.59375 25.15625
3.75 25.15625
3.90625 25.15625
4.0625 25.15625
4.21875 25.15625
4.375 25.15625
4.53125 25.15625
4.6875 25.15625
4.84375 25.15625
5.0 25.15625
5.15625 25.15625
5.3125 25.15625
5.46875 25.15625
5.625 25.15625
5.78125 25.15625
5.9375 25.15625
6.09375 25.15625
6.25 25.15625
6.40625 25.15625
6.5625 25.15625
6.71875 25.15625
3.59375 25.0
3.75 25.0
3.90625 25.0
4.0625 25.0
4.21875 25.0
4.375 25.0
4.53125 25.0
4.6875 25.0
4.84375 25.0
5.0 25.0
5.15625 25.0
5.3125 25.0
5.46875 25.0
5.625 25.0
5.78125 25.0
5.9375 25.0
6.09375 25.0
3.59375 24.84375
3.75 24.84375
3.90625 24.84375
4.0625 24.84375
4.21875 24.84375
4.375 24.84375
4.53125 24.84375
4.6875 24.84375
4.84375 24.84375
5.0 24.84375
5.15625 24.84375
5.3125 24.84375
5.46875 24.84375
5.625 24.84375
5.78125 24.84375
5.9375 24.84375
6.09375 24.84375
3.59375 24.6875
3.75 24.6875
3.90625 24.6875
4.0625 24.6875
4.21875 24.6875
4.375 24.6875
4.53125 24.6875
4.6875 24.6875
4.84375 24.6875
5.0 24.6875
5.15625 24.6875
5.3125 24.6875
5.46875 24.6875
5.625 24.6875
5.78125 24.6875
5.9375 24.6875
6.09375 24.6875
3.59375 24.53125
3.75 24.53125
3.90625 24.53125
4.0625 24.53125
4.21875 24.53125
4.375 24.53125
4.53125 24.53125
4.6875 24.53125
4.84375 24.53125
5.0 24.53125
5.15625 24.53125
5.3125 24.53125
5.46875 24.53125
5.625 24.53125
3.59375 24.375
3.75 24.375
3.90625 24.375
4.0625 24.375
4.21875 24.375
4.375 24.375
4.53125 24.375
4.6875 24.375
4.84375 24.375
5.0 24.375
5.15625 24.375
5.3125 24.375
5.46875 24.375
5.625 24.375
3.59375 24.21875
3.75 24.21875
3.90625 24.21875
4.0625 24.21875
4.21875 24.21875
4.375 24.21875
4.53125 24.21875
4.6875 24.21875
4.84375 24.21875
5.0 24.21875
5.15625 24.21875
5.3125 24.21875
5.46875 24.21875
5.625 24.21875
3.59375 24.0625
3.75 24.0625
3.90625 24.0625
4.0625 24.0625
4.21875 24.0625
4.375 24.0625
4.53125 24.0625
4.6875 24.0625
4.84375 24.0625
5.0 24.0625
5.15625 24.0625
5.3125 24.0625
5.46875 24.0625
5.625 24.0625
3.59375 23.90625
3.75 23.90625
3.90625 23.90625
4.0625 23.90625
4.21875 23.90625
4.375 23.90625
4.53125 23.90625
4.6875 23.90625
4.84375 23.90625
5.0 23.90625
5.15625 23.90625
5.3125 23.90625
5.46875 23.90625
5.625 23.90625
3.59375 23.75
3.75 23.75
3.90625 23.75
4.0625 23.75
4.21875 23.75
4.375 23.75
4.53125 23.75
4.6875 23.75
4.84375 23.75
5.0 23.75
5.15625 23.75
5.3125 23.75
5.46875 23.75
5.625 23.75
3.59375 23.59375
3.75 23.59375
3.90625 23.59375
4.0625 23.59375
4.21875 23.59375
4.375 23.59375
4.53125 23.59375
4.6875 23.59375
4.84375 23.59375
5.0 23.59375
5.15625 23.59375
5.3125 23.59375
5.46875 23.59375
5.625 23.59375
3.59375 23.4375
3.75 23.4375
3.90625 23.4375
4.0625 23.4375
4.21875 23.4375
4.375 23.4375
4.53125 23.4375
4.6875 23.4375
4.84375 23.4375
5.0 23.4375
5.15625 23.4375
5.3125 23.4375
5.46875 23.4375
5.625 23.4375
3.59375 23.28125
3.75 23.28125
3.90625 23.28125
4.0625 23.28125
4.21875 23.28125
4.375 23.28125
4.53125 23.28125
4.6875 23.28125
4.84375 23.28125
5.0 23.28125
5.15625 23.28125
5.3125 23.28125
5.46875 23.28125
5.625 23.28125
3.59375 23.125
3.75 23.125
3.90625 23.125
4.0625 23.125
4.21875 23.125
4.375 23.125
4.53125 23.125
4.6875 23.125
4.84375 23.125
5.0 23.125
3.59375 22.96875
3.75 22.96875
3.90625 22.96875
4.0625 22.96875
4.21875 22.96875
4.375 22.96875
4.53125 22.96875
4.6875 22.96875
4.84375 22.96875
5.0 22.96875
3.59375 22.8125
3.75 22.8125
3.90625 22.8125
4.0625 22.8125
4.21875 22.8125
4.375 22.8125
4.53125 22.8125
4.6875 22.8125
4.84375 22.8125
5.0 22.8125
3.59375 22.65625
3.75 22.65625
3.90625 22.65625
4.0625 22.65625
4.21875 22.65625
4.375 22.65625
4.53125 22.65625
3.59375 22.5
3.75 22.5
3.90625 22.5
4.0625 22.5
4.21875 22.5
4.375 22.5
4.53125 22.5
3.59375 22.34375
3.75 22.34375
3.90625 22.34375
4.0625 22.34375
3.59375 22.1875
3.75 22.1875
3.90625 22.1875
4.0625 22.1875
3.59375 22.03125
3.75 22.03125
3.90625 22.03125
3.59375 21.875
3.75 21.875
