6.40625 39.84375
6.5625 39.84375
6.71875 39.84375
6.875 39.84375
7.03125 39.84375
7.1875 39.84375
7.34375 39.84375
7.5 39.84375
7.65625 39.84375
7.8125 39.84375
7.96875 39.84375
8.125 39.84375
8.28125 39.84375
8.4375 39.84375
8.59375 39.84375
8.75 39.84375
8.90625 39.84375
9.0625 39.84375
9.21875 39.84375
9.375 39.84375
6.40625 39.6875
6.5625 39.6875
6.71875 39.6875
6.875 39.6875
7.03125 39.6875
7.1875 39.6875
7.34375 39.6875
7.5 39.6875
7.65625 39.6875
7.8125 39.6875
7.96875 39.6875
8.125 39.6875
8.28125 39.6875
8.4375 39.6875
8.59375 39.6875
8.75 39.6875
8.90625 39.6875
9.0625 39.6875
9.21875 39.6875
9.375 39.6875
6.40625 39.53125
6.5625 39.53125
6.71875 39.53125
6.875 39.53125
7.03125 39.53125
7.1875 39.53125
7.34375 39.53125
7.5 39.53125
7.65625 39.53125
7.8125 39.53125
7.96875 39.53125
8.125 39.53125
8.28125 39.53125
8.4375 39.53125
8.59375 39.53125
8.75 39.53125
8.90625 39.53125
9.0625 39.53125
9.21875 39.53125
9.375 39.53125
6.40625 39.375
6.5625 39.375
6.71875 39.375
6.875 39.375
7.03125 39.375
7.1875 39.375
7.34375 39.375
7.5 39.375
7.65625 39.375
7.8125 39.375
7.96875 39.375
8.125 39.375
8.28125 39.375
8.4375 39.375
8.59375 39.375
8.75 39.375
8.90625 39.375
9.0625 39.375
9.21875 39.375
9.375 39.375
6.40625 39.21875
6.5625 39.21875
6.71875 39.21875
6.875 39.21875
7.03125 39.21875
7.1875 39.21875
7.34375 39.21875
7.5 39.21875
7.65625 39.21875
7.8125 39.21875
7.96875 39.21875
8.125 39.21875
8.28125 39.21875
8.4375 39.21875
8.59375 39.21875
8.75 39.21875
8.90625 39.21875
9.0625 39.21875
9.21875 39.21875
9.375 39.21875
6.25 39.0625
6.40625 39.0625
6.5625 39.0625
6.71875 39.0625
6.875 39.0625
7.03125 39.0625
7.1875 39.0625
7.34375 39.0625
7.5 39.0625
7.65625 39.0625
7.8125 39.0625
7.96875 39.0625
8.125 39.0625
8.28125 39.0625
8.4375 39.0625
8.59375 39.0625
8.75 39.0625
8.90625 39.0625
9.0625 39.0625
9.21875 39.0625
9.375 39.0625
6.25 38.90625
6.40625 38.90625
6.5625 38.90625
6.71875 38.90625
6.875 38.90625
7.03125 38.90625
7.1875 38.90625
7.34375 38.90625
7.5 38.90625
7.65625 38.90625
7.8125 38.90625
7.96875 38.90625
8.125 38.90625
8.28125 38.90625
8.4375 38.90625
8.59375 38.90625
8.75 38.90625
8.90625 38.90625
9.0625 38.90625
9.21875 38.90625
9.375 38.90625
6.25 38.75
6.40625 38.75
6.5625 38.75
6.71875 38.75
6.875 38.75
7.03125 38.75
7.1875 38.75
7.34375 38.75
7.5 38.75
7.65625 38.75
7.8125 38.75
7.96875 38.75
8.125 38.75
8.28125 38.75
8.4375 38.75
8.59375 38.75
8.75 38.75
8.90625 38.75
9.0625 38.75
9.21875 38.75
9.375 38.75
6.25 38.59375
6.40625 38.59375
6.5625 38.59375
6.71875 38.59375
6.875 38.59375
7.03125 38.59375
7.1875 38.59375
7.34375 38.59375
7.5 38.59375
7.65625 38.59375
7.8125 38.59375
7.96875 38.59375
8.125 38.59375
8.28125 38.59375
8.4375 38.59375
8.59375 38.59375
8.75 38.59375
8.90625 38.59375
9.0625 38.59375
9.21875 38.59375
6.25 38.4375
6.40625 38.4375
6.5625 38.4375
6.71875 38.4375
6.875 38.4375
7.03125 38.4375
7.1875 38.4375
7.34375 38.4375
7.5 38.4375
7.65625 38.4375
7.8125 38.4375
7.96875 38.4375
8.125 38.4375
8.28125 38.4375
8.4375 38.4375
8.59375 38.4375
8.75 38.4375
8.90625 38.4375
9.0625 38.4375
9.21875 38.4375
6.25 38.28125
6.40625 38.28125
6.5625 38.28125
6.71875 38.28125
6.875 38.28125
7.03125 38.28125
7.1875 38.28125
7.34375 38.28125
7.5 38.28125
7.65625 38.28125
7.8125 38.28125
7.96875 38.28125
8.125 38.28125
8.28125 38.28125
8.4375 38.28125
8.59375 38.28125
8.75 38.28125
8.90625 38.28125
9.0625 38.28125
9.21875 38.28125
6.25 38.125
6.40625 38.125
6.5625 38.125
6.71875 38.125
6.875 38.125
7.03125 38.125
7.1875 38.125
7.34375 38.125
7.5 38.125
7.65625 38.125
7.8125 38.125
7.96875 38.125
8.125 38.125
8.28125 38.125
8.4375 38.125
8.59375 38.125
8.75 38.125
8.90625 38.125
9.0625 38.125
9.21875 38.125
6.25 37.96875
6.40625 37.96875
6.5625 37.96875
6.71875 37.96875
6.875 37.96875
7.03125 37.96875
7.1875 37.96875
7.34375 37.96875
7.5 37.96875
7.65625 37.96875
7.8125 37.96875
7.96875 37.96875
8.125 37.96875
8.28125 37.96875
8.4375 37.96875
8.59375 37.96875
8.75 37.96875
8.90625 37.96875
9.0625 37.96875
9.21875 37.96875
6.25 37.8125
6.40625 37.8125
6.5625 37.8125
6.71875 37.8125
6.875 37.8125
7.03125 37.8125
7.1875 37.8125
7.34375 37.8125
7.5 37.8125
7.65625 37.8125
7.8125 37.8125
7.96875 37.8125
8.125 37.8125
8.28125 37.8125
8.4375 37.8125
8.59375 37.8125
8.75 37.8125
8.90625 37.8125
9.0625 37.8125
9.21875 37.8125
6.09375 37.65625
6.25 37.65625
6.40625 37.65625
6.5625 37.65625
6.71875 37.65625
6.875 37.65625
7.03125 37.65625
7.1875 37.65625
7.34375 37.65625
7.5 37.65625
7.65625 37.65625
7.8125 37.65625
7.96875 37.65625
8.125 37.65625
8.28125 37.65625
8.4375 37.65625
8.59375 37.65625
8.75 37.65625
8.90625 37.65625
9.0625 37.65625
9.21875 37.65625
6.09375 37.5
6.25 37.5
6.40625 37.5
6.5625 37.5
6.71875 37.5
6.875 37.5
7.03125 37.5
7.1875 37.5
7.34375 37.5
7.5 37.5
7.65625 37.5
7.8125 37.5
7.96875 37.5
8.125 37.5
8.28125 37.5
8.4375 37.5
8.59375 37.5
8.75 37.5
8.90625 37.5
9.0625 37.5
9.21875 37.5
6.09375 37.34375
6.25 37.34375
6.40625 37.34375
6.5625 37.34375
6.71875 37.34375
6.875 37.34375
7.03125 37.34375
7.1875 37.34375
7.34375 37.34375
7.5 37.34375
7.65625 37.34375
7.8125 37.34375
7.96875 37.34375
8.125 37.34375
8.28125 37.34375
8.4375 37.34375
8.59375 37.34375
8.75 37.34375
8.90625 37.34375
9.0625 37.34375
9.21875 37.34375
6.09375 37.1875
6.25 37.1875
6.40625 37.1875
6.5625 37.1875
6.71875 37.1875
6.875 37.1875
7.03125 37.1875
7.1875 37.1875
7.34375 37.1875
7.5 37.1875
7.65625 37.1875
7.8125 37.1875
7.96875 37.1875
8.125 37.1875
8.28125 37.1875
8.4375 37.1875
8.59375 37.1875
8.75 37.1875
8.90625 37.1875
9.0625 37.1875
9.21875 37.1875
6.09375 37.03125
6.25 37.03125
6.40625 37.03125
6.5625 37.03125
6.71875 37.03125
6.875 37.03125
7.03125 37.03125
7.1875 37.03125
7.34375 37.03125
7.5 37.03125
7.65625 37.03125
7.8125 37.03125
7.96875 37.03125
8.125 37.03125
8.28125 37.03125
8.4375 37.03125
8.59375 37.03125
8.75 37.03125
8.90625 37.03125
9.0625 37.03125
9.21875 37.03125
6.09375 36.875
6.25 36.875
6.40625 36.875
6.5625 36.875
6.71875 36.875
6.875 36.875
7.03125 36.875
7.1875 36.875
7.34375 36.875
7.5 36.875
7.65625 36.875
7.8125 36.875
7.96875 36.875
8.125 36.875
8.28125 36.875
8.4375 36.875
8.59375 36.875
8.75 36.875
8.90625 36.875
9.0625 36.875
9.21875 36.875
6.09375 36.71875
6.25 36.71875
6.40625 36.71875
6.5625 36.71875
6.71875 36.71875
6.875 36.71875
7.03125 36.71875
7.1875 36.71875
7.34375 36.71875
7.5 36.71875
7.65625 36.71875
7.8125 36.71875
7.96875 36.71875
8.125 36.71875
8.28125 36.71875
8.4375 36.71875
8.59375 36.71875
8.75 36.71875
8.90625 36.71875
9.0625 36.71875
9.21875 36.71875
6.09375 36.5625
6.25 36.5625
6.40625 36.5625
6.5625 36.5625
6.71875 36.5625
6.875 36.5625
7.03125 36.5625
7.1875 36.5625
7.34375 36.5625
7.5 36.5625
7.65625 36.5625
7.8125 36.5625
7.96875 36.5625
8.125 36.5625
8.28125 36.5625
8.4375 36.5625
8.59375 36.5625
8.75 36.5625
8.90625 36.5625
9.0625 36.5625
9.21875 36.5625
6.09375 36.40625
6.25 36.40625
6.40625 36.40625
6.5625 36.40625
6.71875 36.40625
6.875 36.40625
7.03125 36.40625
7.1875 36.40625
7.34375 36.40625
7.5 36.40625
7.65625 36.40625
7.8125 36.40625
7.96875 36.40625
8.125 36.40625
8.28125 36.40625
8.4375 36.40625
8.59375 36.40625
8.75 36.40625
8.90625 36.40625
9.0625 36.40625
9.21875 36.40625
5.9375 36.25
6.09375 36.25
6.25 36.25
6.40625 36.25
6.5625 36.25
6.71875 36.25
6.875 36.25
7.03125 36.25
7.1875 36.25
7.34375 36.25
7.5 36.25
7.65625 36.25
7.8125 36.25
7.96875 36.25
8.125 36.25
8.28125 36.25
8.4375 36.25
8.59375 36.25
8.75 36.25
8.90625 36.25
9.0625 36.25
9.21875 36.25
5.9375 36.09375
6.09375 36.09375
6.25 36.09375
6.40625 36.09375
6.5625 36.09375
6.71875 36.09375
6.875 36.09375
7.03125 36.09375
7.1875 36.09375
7.34375 36.09375
7.5 36.09375
7.65625 36.09375
7.8125 36.09375
7.96875 36.09375
8.125 36.09375
8.28125 36.09375
8.4375 36.09375
8.59375 36.09375
8.75 36.09375
8.90625 36.09375
9.0625 36.09375
9.21875 36.09375
5.9375 35.9375
6.09375 35.9375
6.25 35.9375
6.40625 35.9375
6.5625 35.9375
6.71875 35.9375
6.875 35.9375
7.03125 35.9375
7.1875 35.9375
7.34375 35.9375
7.5 35.9375
7.65625 35.9375
7.8125 35.9375
7.96875 35.9375
8.125 35.9375
8.28125 35.9375
8.4375 35.9375
8.59375 35.9375
8.75 35.9375
8.90625 35.9375
9.0625 35.9375
9.21875 35.9375
5.9375 35.78125
6.09375 35.78125
6.25 35.78125
6.40625 35.78125
6.5625 35.78125
6.71875 35.78125
6.875 35.78125
7.03125 35.78125
7.1875 35.78125
7.34375 35.78125
7.5 35.78125
7.65625 35.78125
7.8125 35.78125
7.96875 35.78125
8.125 35.78125
8.28125 35.78125
8.4375 35.78125
8.59375 35.78125
8.75 35.78125
5.9375 35.625
6.09375 35.625
6.25 35.625
6.40625 35.625
6.5625 35.625
6.71875 35.625
6.875 35.625
7.03125 35.625
7.1875 35.625
7.34375 35.625
7.5 35.625
7.65625 35.625
7.8125 35.625
7.96875 35.625
8.125 35.625
8.28125 35.625
8.4375 35.625
8.59375 35.625
8.75 35.625
5.9375 35.46875
6.09375 35.46875
6.25 35.46875
6.40625 35.46875
6.5625 35.46875
6.71875 35.46875
6.875 35.46875
7.03125 35.46875
7.1875 35.46875
7.34375 35.46875
7.5 35.46875
7.65625 35.46875
7.8125 35.46875
7.96875 35.46875
8.125 35.46875
8.28125 35.46875
8.4375 35.46875
8.59375 35.46875
8.75 35.46875
5.9375 35.3125
6.09375 35.3125
6.25 35.3125
6.40625 35.3125
6.5625 35.3125
6.71875 35.3125
6.875 35.3125
7.03125 35.3125
7.1875 35.3125
7.34375 35.3125
7.5 35.3125
7.65625 35.3125
7.8125 35.3125
7.96875 35.3125
8.125 35.3125
8.28125 35.3125
8.4375 35.3125
8.59375 35.3125
8.75 35.3125
5.9375 35.15625
6.09375 35.15625
6.25 35.15625
6.40625 35.15625
6.5625 35.15625
6.71875 35.15625
6.875 35.15625
7.03125 35.15625
7.1875 35.15625
7.34375 35.15625
7.5 35.15625
7.65625 35.15625
7.8125 35.15625
7.96875 35.15625
8.125 35.15625
8.28125 35.15625
8.4375 35.15625
8.59375 35.15625
8.75 35.15625
5.9375 35.0
6.09375 35.0
6.25 35.0
6.40625 35.0
6.5625 35.0
6.71875 35.0
6.875 35.0
7.03125 35.0
7.1875 35.0
7.34375 35.0
7.5 35.0
7.65625 35.0
7.8125 35.0
5.78125 34.84375
5.9375 34.84375
6.09375 34.84375
6.25 34.84375
6.40625 34.84375
6.5625 34.84375
6.71875 34.84375
6.875 34.84375
7.03125 34.84375
7.1875 34.84375
7.34375 34.84375
7.5 34.84375
7.65625 34.84375
7.8125 34.84375
5.78125 34.6875
5.9375 34.6875
6.09375 34.6875
6.25 34.6875
6.40625 34.6875
6.5625 34.6875
6.71875 34.6875
6.875 34.6875
7.03125 34.6875
7.1875 34.6875
7.34375 34.6875
7.5 34.6875
7.65625 34.6875
5.78125 34.53125
5.9375 34.53125
6.09375 34.53125
6.25 34.53125
6.40625 34.53125
6.5625 34.53125
6.71875 34.53125
6.875 34.53125
7.03125 34.53125
7.1875 34.53125
7.34375 34.53125
7.5 34.53125
7.65625 34.53125
5.78125 34.375
5.9375 34.375
6.09375 34.375
6.25 34.375
6.40625 34.375
6.5625 34.375
6.71875 34.375
6.875 34.375
7.03125 34.375
7.1875 34.375
7.34375 34.375
7.5 34.375
7.65625 34.375
5.78125 34.21875
5.9375 34.21875
6.09375 34.21875
6.25 34.21875
6.40625 34.21875
6.5625 34.21875
6.71875 34.21875
6.875 34.21875
7.03125 34.21875
7.1875 34.21875
7.34375 34.21875
7.5 34.21875
7.65625 34.21875
5.78125 34.0625
5.9375 34.0625
6.09375 34.0625
6.25 34.0625
6.40625 34.0625
6.5625 34.0625
6.71875 34.0625
6.875 34.0625
7.03125 34.0625
7.1875 34.0625
7.34375 34.0625
7.5 34.0625
7.65625 34.0625
5.78125 33.90625
5.9375 33.90625
6.09375 33.90625
6.25 33.90625
6.40625 33.90625
6.5625 33.90625
6.71875 33.90625
6.875 33.90625
7.03125 33.90625
7.1875 33.90625
7.34375 33.90625
7.5 33.90625
7.65625 33.90625
5.78125 33.75
5.9375 33.75
6.09375 33.75
6.25 33.75
6.40625 33.75
6.5625 33.75
6.71875 33.75
6.875 33.75
5.78125 33.59375
5.9375 33.59375
6.09375 33.59375
6.25 33.59375
6.40625 33.59375
6.5625 33.59375
6.71875 33.59375
6.875 33.59375
5.625 33.4375
5.78125 33.4375
5.9375 33.4375
6.09375 33.4375
6.25 33.4375
5.625 33.28125
5.78125 33.28125
5.9375 33.28125
6.09375 33.28125
6.25 33.28125
5.625 33.125
5.78125 33.125
5.9375 33.125
6.09375 33.125
6.25 33.125
5.625 32.96875
5.78125 32.96875
5.9375 32.96875
6.09375 32.96875
6.25 32.96875
5.625 32.8125
5.78125 32.8125
5.9375 32.8125
6.09375 32.8125
6.25 32.8125
5.625 32.65625
5.78125 32.65625
5.9375 32.65625
6.09375 32.65625
6.25 32.65625
5.625 32.5
5.78125 32.5
5.9375 32.5
6.09375 32.5
6.25 32.5
5.625 32.34375
5.78125 32.34375
5.9375 32.34375
6.09375 32.34375
6.25 32.34375
5.625 32.1875
5.625 32.03125
5.46875 31.875
5.625 31.875
5.46875 31.71875
5.625 31.71875
5.46875 31.5625
5.625 31.5625
5.46875 31.40625
5.625 31.40625
5.46875 31.25
5.625 31.25
