13 1 0 0 0 1 0 0 0 1 -0.044172 -0.19117 15.65
14 1 0 0 0 1 0 0 0 1 -0.053895 -0.20557 16.787
15 1 0 0 0 1 0 0 0 1 -0.055223 -0.22356 18.035
16 1 0 0 0 1 0 0 0 1 -0.058398 -0.2441 19.169
17 1 0 0 0 1 0 0 0 1 -0.054144 -0.26845 20.303
18 1 0 0 0 1 0 0 0 1 -0.064079 -0.28841 21.431
19 1 0 0 0 1 0 0 0 1 -0.074179 -0.30738 22.669
20 1 0 0 0 1 0 0 0 1 -0.08873 -0.32462 23.789
21 1 0 0 0 1 0 0 0 1 -0.11085 -0.33971 24.905
22 1 0 0 0 1 0 0 0 1 -0.12628 -0.35952 26.126
23 1 0 0 0 1 0 0 0 1 -0.1387 -0.37745 27.23
24 1 0 0 0 1 0 0 0 1 -0.15328 -0.40002 28.441
25 1 0 0 0 1 0 0 0 1 -0.1638 -0.42194 29.543
26 1 0 0 0 1 0 0 0 1 -0.17033 -0.44395 30.651
27 1 0 0 0 1 0 0 0 1 -0.18926 -0.46346 31.864
28 1 0 0 0 1 0 0 0 1 -0.20255 -0.48466 32.964
29 1 0 0 0 1 0 0 0 1 -0.21292 -0.50992 34.068
30 1 0 0 0 1 0 0 0 1 -0.20659 -0.54792 35.284
31 1 0 0 0 1 0 0 0 1 -0.20869 -0.57762 36.382
32 1 0 0 0 1 0 0 0 1 -0.19988 -0.60876 37.474
33 1 0 0 0 1 0 0 0 1 -0.18421 -0.64217 38.673
34 1 0 0 0 1 0 0 0 1 -0.17003 -0.67016 39.755
35 1 0 0 0 1 0 0 0 1 -0.15227 -0.70357 40.843
36 1 0 0 0 1 0 0 0 1 -0.14045 -0.73219 42.03
37 1 0 0 0 1 0 0 0 1 -0.12055 -0.76067 43.108
38 1 0 0 0 1 0 0 0 1 -0.10633 -0.78641 44.178
39 1 0 0 0 1 0 0 0 1 -0.084282 -0.81484 45.356
40 1 0 0 0 1 0 0 0 1 -0.063183 -0.83695 46.425
41 1 0 0 0 1 0 0 0 1 -0.030516 -0.86386 47.608
42 1 0 0 0 1 0 0 0 1 0.0026471 -0.88771 48.686
43 1 0 0 0 1 0 0 0 1 0.039553 -0.91277 49.763
44 1 0 0 0 1 0 0 0 1 0.081831 -0.94318 50.953
45 1 0 0 0 1 0 0 0 1 0.11779 -0.96777 52.034
46 1 0 0 0 1 0 0 0 1 0.157 -0.99342 53.118
47 1 0 0 0 1 0 0 0 1 0.19147 -1.015 54.303
48 1 0 0 0 1 0 0 0 1 0.20833 -1.0338 55.379
49 1 0 0 0 1 0 0 0 1 0.22879 -1.0576 56.453
50 1 0 0 0 1 0 0 0 1 0.25227 -1.0847 57.635
