-0.911992 1.998051 30.875569
-0.953014 1.961217 32.207607
-0.968081 1.918874 33.508376
-0.988684 1.944365 34.819891
-1.008004 2.030193 36.216999
-1.033334 2.030712 37.538583
-1.045293 2.077073 38.874263
-1.094653 2.101037 40.323203
-1.147253 2.161370 41.682249
-1.173141 2.152817 43.154337
-1.202240 2.174085 44.535481
-1.245326 2.193066 45.922001
-1.311343 2.192314 47.419819
-1.393843 2.183540 48.822021
-1.466253 2.243626 50.240204
-1.568966 2.211196 51.772777
-1.660544 2.224683 53.203569
-1.765864 2.155873 54.633018
-1.866453 2.224458 56.167502
-1.941409 2.238683 57.617633
-2.032914 2.288828 59.073123
-2.147692 2.162931 60.654114
-2.228580 2.206451 62.124764
-2.321546 2.241242 63.700572
-2.395419 2.262659 65.168274
-2.462085 2.273034 66.641407
-2.545076 2.287604 68.232204
-2.637174 2.284415 69.716552
-2.722142 2.344438 71.204755
-2.836400 2.381313 72.772059
-2.936242 2.385313 74.238080
-3.042369 2.367565 75.705968
-3.145630 2.483911 77.290345
-3.260649 2.446993 78.776499
-3.366144 2.480618 80.267544
-3.517702 2.458708 81.883134
-3.668608 2.364364 83.393193
-3.756806 2.349057 85.031987
-3.840796 2.365751 86.560110
-3.948772 2.319809 87.984960
-4.040716 2.417419 89.529664
-4.126789 2.470247 90.962507
-4.238556 2.491329 92.403271
-4.398640 2.407000 93.976693
-4.512351 2.357786 95.438644
-4.633841 2.413829 96.902665
-4.750479 2.458123 98.500523
-4.851737 2.495543 99.983012
-4.962170 2.484830 101.476872
-5.094729 2.460737 102.987326
-5.212855 2.519228 104.373462
-5.317280 2.574018 105.767968
-5.453212 2.585798 107.302996
-5.570441 2.525807 108.717522
-5.710898 2.471797 110.266399
-5.835301 2.486002 111.684525
-5.954622 2.496592 113.103433
-6.076159 2.539229 114.657308
-6.169273 2.582827 116.083913
-6.281284 2.660348 117.434277
-6.421145 2.663304 118.919508
-6.528272 2.629639 120.275481
-6.667904 2.601356 121.631015
-6.817926 2.579519 123.120471
-6.947869 2.679931 124.475537
-7.081087 2.629955 125.835124
-7.229800 2.663968 127.322842
-7.366843 2.633950 128.672233
-7.501743 2.644251 130.026121
-7.644811 2.703645 131.460099
-7.779519 2.672039 132.765751
-7.933076 2.714724 134.189335
-8.057268 2.645881 135.492951
-8.193470 2.694718 136.800388
-8.350858 2.826221 138.228669
-8.492993 2.718075 139.538466
-8.635315 2.693136 140.854171
-8.819114 2.771051 142.295095
-8.981155 2.764519 143.609545
-9.125772 2.767313 144.917381
-9.297277 2.794981 146.345043
-9.451785 2.803036 147.652663
-9.615374 2.788348 148.971534
-9.797510 2.830432 150.409566
-9.961686 2.801980 151.730308
-10.142529 2.785675 153.053114
-10.323828 2.793893 154.519323
-10.468246 2.812046 155.851809
-10.639211 2.857822 157.333542
-10.830463 2.832459 158.628787
-11.007997 2.893224 159.922616
-11.188693 2.866950 161.373826
-11.369284 2.828404 162.671752
-11.546656 2.934635 163.972335
-11.704723 3.010490 165.406625
-11.860931 2.973446 166.713461
-12.039975 2.990009 168.008959
-12.228257 2.942626 169.439769
-12.405680 2.907006 170.738202
-12.589542 2.929167 172.057059
-12.808255 2.910627 173.508339
-12.990806 2.911095 174.822767
-13.166511 3.003296 176.265894
-13.328789 2.932307 177.565472
-13.507165 2.909749 178.876232
-13.722019 2.888609 180.315327
-13.888798 2.936182 181.612993
-14.082686 2.969809 182.902459
-14.274862 2.959662 184.339116
-14.443660 2.941506 185.658418
-14.623491 2.917139 186.976145
-14.831509 3.015861 188.418425
-15.025665 3.067609 189.724574
-15.237551 2.989589 191.171566
-15.436817 2.963731 192.480185
-15.632815 3.033003 193.775355
-15.851774 3.036418 195.205091
-16.039755 3.071729 196.503460
-16.247118 3.080714 197.786067
-16.489295 3.110488 199.221614
-16.703480 3.070819 200.525888
-16.922057 3.102445 201.822345
-17.154742 3.028400 203.265159
-17.375988 3.015490 204.562279
-17.585739 3.045310 205.864589
-17.812212 3.100846 207.285517
-18.032841 3.062532 208.597805
-18.253757 3.062891 209.902220
-18.481656 3.056074 211.350297
-18.693512 3.139962 212.659232
-18.935338 3.064296 214.098013
-19.137326 3.055252 215.429942
-19.343269 3.026047 216.882245
-19.568554 3.114428 218.201110
-19.777139 3.123664 219.517261
-19.984583 3.128176 220.834171
-20.245532 3.124117 222.281997
-20.486100 3.136708 223.603586
-20.741517 3.075364 224.926957
-20.990334 3.070964 226.364840
-21.192841 3.137077 227.681400
-21.430937 3.151070 229.129588
-21.620577 3.179941 230.448976
-21.826252 3.109040 231.772456
-22.089789 3.120059 233.211890
-22.338421 3.085624 234.522204
-22.576890 3.029423 235.822165
-22.818184 3.119926 237.264593
-23.039786 3.077609 238.582989
