3.191573 7.667828
3.212682764049 9.334807382952
3.200817089865 10.784977640374
3.176107231458 12.350502333698
3.153427747593 13.798401955921
3.142936095515 15.357727239099
3.116319590525 16.821632345068
3.102268893002 18.282076777539
3.076206017762 19.736200201739
3.048642019466 21.302970598058
3.016749577468 22.751205675649
2.963408330865 24.228398209059
2.917790272674 25.809393262857
2.876724826001 27.27208664296
2.846487164886 28.83486892443
2.821260391117 30.289328831379
2.796477002846 31.777581750603
2.72290419025 33.368490214428
2.673550512934 34.84850280854
2.634065421007 36.329037345916
2.622335200412 37.916419906846
2.545029018911 39.386060503814
2.488746581275 40.85010290433
2.454012612848 42.420642924954
2.412932958735 43.875203984693
2.382665011252 45.33494963058
2.305902127201 46.946572902369
2.237716257896 48.451271770723
2.177926051612 49.947756394189
2.136214739833 51.552442051771
2.091502932419 53.050685700632
2.04103621272 54.651466180728
1.977188811164 56.149309053253
1.913990643512 57.64695730349
1.853541672968 59.258064552295
1.767141908435 60.762134257397
1.674155639052 62.228028444241
1.580171672464 63.797231473123
1.465176956641 65.258395017105
1.367320537548 66.715711723168
1.250780013463 68.281683674899
