3.177779604806 43.111568804092
3.122203770582 44.527690685095
3.069016407218 45.943645556158
3.021377059515 47.47327513484
2.960401614591 48.897014248204
2.888895074838 50.315006874774
2.81600491903 51.836114343383
2.72707837404 53.249712556152
2.630349028584 54.657023338831
2.526774063397 56.174029554907
2.441488423742 57.610055310603
2.343503038755 59.049445633734
2.248559497688 60.599835350158
2.160192164477 62.047299031606
2.065091389116 63.610080519311
1.993923951673 65.090058317317
1.902592916758 66.570369944317
1.795672387162 68.159056559618
1.649319204555 69.639776795306
1.512811194012 71.120205283875
1.345067011056 72.668556067233
1.198672513387 74.107765221418
1.05551405211 75.550799044838
0.901348615031 77.107421338889
0.751384162895 78.556416703698
0.611516455052 79.992496113304
0.477837964231 81.536158996516
0.325906979493 82.959766734405
0.183878937985 84.381967142657
0.0220889050749999 85.930115026872
-0.109262542126 87.34576442811
-0.247091817642 88.767292219172
-0.40931073464 90.305703605931
-0.573843438064 91.725682742218
-0.768570961189 93.255790552217
-0.911648820695 94.634510334145
-1.074855767564 96.01693031492
-1.249805619972 97.516068046597
-1.426183200271 98.894110597678
-1.59667006247 100.276709369842
-1.766003902045 101.778356708144
-1.929852557482 103.163294679635
-2.091540201071 104.549281712158
-2.259748501829 106.04564758382
-2.404851009614 107.429119274092
-2.568152619658 108.800958875411
-2.740768795635 110.285090789164
-2.889747909921 111.665608533782
-3.057459930727 113.156103874482
-3.219365196312 114.535548474112
-3.399410395622 115.944953995352
-3.594918299021 117.455345217354
-3.770053124622 118.865757255371
-3.939506638945 120.266239336243
-4.124436626376 121.764392208035
-4.298045761177 123.19761681494
-4.461231364455 124.633413277614
-4.607378181693 126.186221588488
-4.747021214805 127.637045917633
-4.897362894749 129.202902463113
-5.050699861327 130.654054103953
-5.204570499853 132.124700446311
-5.383363713617 133.706003629394
-5.546543003099 135.175046863434
-5.710574663782 136.641205350319
-5.888162886351 138.271507744364
-6.046085391284 139.796306747784
-6.21473828248 141.320057584544
-6.393549590815 142.9828604505
-6.571403913186 144.525251981858
-6.744584422339 146.16753519067
-6.907456794845 147.700905812712
-7.075458174596 149.245550299556
-7.248005409633 150.798338019797
-7.442225367294 152.478794867654
-7.629778975894 154.01591518913
-7.837150406506 155.681078956092
-8.038266455646 157.242404635676
-8.248176152093 158.80614767848
-8.479437331226 160.520025016278
-8.703827954664 162.028727595396
-8.926891573462 163.546435402881
-9.168492031429 165.212924864585
-9.391975389775 166.752180033581
-9.644505015059 168.433049971475
-9.841706568034 169.92485700825
-10.042031825882 171.422614056053
-10.245362228415 172.92090654873
-10.473640478879 174.55029790955
-10.6878968832 176.051004179319
-10.92240315595 177.657396410788
-11.14142450658 179.143552305942
