0.999675 0.000000 -0.025477 0.000000 1.000000 0.000000 0.025477 0.000000 0.999675 -0.911992 1.188181 30.875569
0.999678 0.000000 -0.025384 0.000000 1.000000 0.000000 0.025384 0.000000 0.999678 -0.802888 1.188496 30.563262
0.999680 0.000000 -0.025292 0.000000 1.000000 0.000000 0.025292 0.000000 0.999680 -0.803638 1.197382 31.581510
0.999682 0.000000 -0.025199 0.000000 1.000000 0.000000 0.025199 0.000000 0.999682 -0.804421 1.206672 32.646050
0.999685 0.000000 -0.025107 0.000000 1.000000 0.000000 0.025107 0.000000 0.999685 -0.793295 1.208761 32.885364
0.999687 0.000000 -0.025015 0.000000 1.000000 0.000000 0.025015 0.000000 0.999687 -0.782261 1.210832 33.122671
0.999689 0.000000 -0.024922 0.000000 1.000000 0.000000 0.024922 0.000000 0.999689 -0.734377 1.200090 31.891768
0.999692 0.000000 -0.024830 0.000000 1.000000 0.000000 0.024830 0.000000 0.999692 -0.691122 1.190386 30.779848
0.999694 0.000000 -0.024738 0.000000 1.000000 0.000000 0.024738 0.000000 0.999694 -0.651855 1.181577 29.770456
0.999696 0.000000 -0.024645 0.000000 1.000000 0.000000 0.024645 0.000000 0.999696 -0.622163 1.193208 31.103204
0.999699 0.000000 -0.024553 0.000000 1.000000 0.000000 0.024553 0.000000 0.999699 -0.590244 1.205711 32.535826
0.999701 0.000000 -0.024460 0.000000 1.000000 0.000000 0.024460 0.000000 0.999701 -0.555839 1.219186 34.079985
0.999703 0.000000 -0.024368 0.000000 1.000000 0.000000 0.024368 0.000000 0.999703 -0.518646 1.233753 35.749234
0.999705 0.000000 -0.024276 0.000000 1.000000 0.000000 0.024276 0.000000 0.999705 -0.478310 1.249551 37.559415
0.999708 0.000000 -0.024183 0.000000 1.000000 0.000000 0.024183 0.000000 0.999708 -0.388868 1.241189 36.601261
0.999710 0.000000 -0.024091 0.000000 1.000000 0.000000 0.024091 0.000000 0.999710 -0.305933 1.233436 35.712835
0.999712 0.000000 -0.023998 0.000000 1.000000 0.000000 0.023998 0.000000 0.999712 -0.228820 1.226227 34.886792
0.999714 0.000000 -0.023906 0.000000 1.000000 0.000000 0.023906 0.000000 0.999714 -0.209542 1.261944 38.979512
0.999716 0.000000 -0.023814 0.000000 1.000000 0.000000 0.023814 0.000000 0.999716 -0.185373 1.306717 44.110027
0.999719 0.000000 -0.023721 0.000000 1.000000 0.000000 0.023721 0.000000 0.999719 -0.152093 1.358388 50.030946
0.999721 0.000000 -0.023629 0.000000 1.000000 0.000000 0.023629 0.000000 0.999721 -0.135956 1.340785 48.013826
0.999723 0.000000 -0.023537 0.000000 1.000000 0.000000 0.023537 0.000000 0.999723 -0.123566 1.289308 42.115179
0.999725 0.000000 -0.023445 0.000000 1.000000 0.000000 0.023445 0.000000 0.999725 -0.114170 1.250268 37.641591
0.999727 0.000000 -0.023353 0.000000 1.000000 0.000000 0.023353 0.000000 0.999727 -0.144303 1.250752 37.697098
0.999729 0.000000 -0.023260 0.000000 1.000000 0.000000 0.023260 0.000000 0.999729 -0.196203 1.268662 39.749310
0.999732 0.000000 -0.023168 0.000000 1.000000 0.000000 0.023168 0.000000 0.999732 -0.253206 1.288332 42.003265
0.999734 0.000000 -0.023076 0.000000 1.000000 0.000000 0.023076 0.000000 0.999734 -0.310666 1.288160 41.983626
0.999736 0.000000 -0.022983 0.000000 1.000000 0.000000 0.022983 0.000000 0.999736 -0.366944 1.287992 41.964391
0.999738 0.000000 -0.022891 0.000000 1.000000 0.000000 0.022891 0.000000 0.999738 -0.422079 1.287828 41.945548
0.999740 0.000000 -0.022808 0.000000 1.000000 0.000000 0.022808 0.000000 0.999740 -0.513888 1.293209 42.562190
0.999742 0.000000 -0.022725 0.000000 1.000000 0.000000 0.022725 0.000000 0.999742 -0.606933 1.298663 43.187125
0.999744 0.000000 -0.022642 0.000000 1.000000 0.000000 0.022642 0.000000 0.999744 -0.781898 1.345091 48.507231
0.999746 0.000000 -0.022558 0.000000 1.000000 0.000000 0.022558 0.000000 0.999746 -1.004440 1.404143 55.273907
0.999747 0.000000 -0.022475 0.000000 1.000000 0.000000 0.022475 0.000000 0.999747 -1.297014 1.481778 64.169983
0.999749 0.000000 -0.022392 0.000000 1.000000 0.000000 0.022392 0.000000 0.999749 -1.379097 1.468344 62.630598
0.999751 0.000000 -0.022309 0.000000 1.000000 0.000000 0.022309 0.000000 0.999751 -1.455981 1.455761 61.188740
0.999753 0.000000 -0.022226 0.000000 1.000000 0.000000 0.022226 0.000000 0.999753 -1.528145 1.443950 59.835423
0.999755 0.000000 -0.022143 0.000000 1.000000 0.000000 0.022143 0.000000 0.999755 -1.369436 1.394719 54.194006
0.999757 0.000000 -0.022060 0.000000 1.000000 0.000000 0.022060 0.000000 0.999757 -1.240839 1.354827 49.622925
0.999759 0.000000 -0.021969 0.000000 1.000000 0.000000 0.021969 0.000000 0.999759 -1.207879 1.343149 48.284753
0.999761 0.000000 -0.021879 0.000000 1.000000 0.000000 0.021879 0.000000 0.999761 -1.177040 1.332222 47.032645
0.999763 0.000000 -0.021789 0.000000 1.000000 0.000000 0.021789 0.000000 0.999763 -1.148122 1.321976 45.858556
0.999765 0.000000 -0.021699 0.000000 1.000000 0.000000 0.021699 0.000000 0.999765 -1.120952 1.312349 44.755415
0.999767 0.000000 -0.021608 0.000000 1.000000 0.000000 0.021608 0.000000 0.999767 -1.095375 1.303287 43.716981
0.999768 0.000000 -0.021518 0.000000 1.000000 0.000000 0.021518 0.000000 0.999768 -1.045052 1.293649 42.612620
0.999770 0.000000 -0.021428 0.000000 1.000000 0.000000 0.021428 0.000000 0.999770 -0.997801 1.284600 41.575689
0.999772 0.000000 -0.021338 0.000000 1.000000 0.000000 0.021338 0.000000 0.999772 -0.998841 1.296238 42.909289
0.999774 0.000000 -0.021248 0.000000 1.000000 0.000000 0.021248 0.000000 0.999774 -0.999942 1.308558 44.321038
0.999776 0.000000 -0.021157 0.000000 1.000000 0.000000 0.021157 0.000000 0.999776 -1.001109 1.321622 45.818014
0.999778 0.000000 -0.021067 0.000000 1.000000 0.000000 0.021067 0.000000 0.999778 -0.986953 1.332629 47.079278
0.999780 0.000000 -0.020977 0.000000 1.000000 0.000000 0.020977 0.000000 0.999780 -0.972030 1.344233 48.408897
0.999782 0.000000 -0.020887 0.000000 1.000000 0.000000 0.020887 0.000000 0.999782 -0.956275 1.356483 49.812586
0.999784 0.000000 -0.020796 0.000000 1.000000 0.000000 0.020796 0.000000 0.999784 -0.939618 1.369434 51.296707
0.999786 0.000000 -0.020706 0.000000 1.000000 0.000000 0.020706 0.000000 0.999786 -0.921977 1.383150 52.868382
0.999787 0.000000 -0.020616 0.000000 1.000000 0.000000 0.020616 0.000000 0.999787 -0.911597 1.401844 55.010551
0.999789 0.000000 -0.020526 0.000000 1.000000 0.000000 0.020526 0.000000 0.999789 -0.900359 1.422085 57.329904
0.999791 0.000000 -0.020436 0.000000 1.000000 0.000000 0.020436 0.000000 0.999791 -0.888150 1.444072 59.849372
0.999793 0.000000 -0.020345 0.000000 1.000000 0.000000 0.020345 0.000000 0.999793 -0.874840 1.468042 62.596025
0.999795 0.000000 -0.020255 0.000000 1.000000 0.000000 0.020255 0.000000 0.999795 -0.860273 1.494275 65.602042
0.999797 0.000000 -0.020165 0.000000 1.000000 0.000000 0.020165 0.000000 0.999797 -0.834052 1.489596 65.065854
0.999798 0.000000 -0.020075 0.000000 1.000000 0.000000 0.020075 0.000000 0.999798 -0.808306 1.485002 64.539405
0.999800 0.000000 -0.019984 0.000000 1.000000 0.000000 0.019984 0.000000 0.999800 -0.783024 1.480490 64.022430
0.999802 0.000000 -0.019894 0.000000 1.000000 0.000000 0.019894 0.000000 0.999802 -0.780928 1.459780 61.649257
0.999804 0.000000 -0.019804 0.000000 1.000000 0.000000 0.019804 0.000000 0.999804 -0.778990 1.440623 59.454129
0.999806 0.000000 -0.019714 0.000000 1.000000 0.000000 0.019714 0.000000 0.999806 -0.729115 1.399358 54.725598
0.999807 0.000000 -0.019623 0.000000 1.000000 0.000000 0.019623 0.000000 0.999807 -0.686886 1.364418 50.721919
0.999809 0.000000 -0.019533 0.000000 1.000000 0.000000 0.019533 0.000000 0.999809 -0.650669 1.334453 47.288283
0.999811 0.000000 -0.019443 0.000000 1.000000 0.000000 0.019443 0.000000 0.999811 -0.698856 1.354555 49.591763
0.999813 0.000000 -0.019353 0.000000 1.000000 0.000000 0.019353 0.000000 0.999813 -0.752130 1.376780 52.138446
0.999814 0.000000 -0.019263 0.000000 1.000000 0.000000 0.019263 0.000000 0.999814 -0.719926 1.365691 50.867785
0.999816 0.000000 -0.019172 0.000000 1.000000 0.000000 0.019172 0.000000 0.999816 -0.689303 1.355147 49.659527
0.999818 0.000000 -0.019083 0.000000 1.000000 0.000000 0.019083 0.000000 0.999818 -0.660149 1.345108 48.509185
0.999820 0.000000 -0.018993 0.000000 1.000000 0.000000 0.018993 0.000000 0.999820 -0.702476 1.383242 52.878894
0.999821 0.000000 -0.018903 0.000000 1.000000 0.000000 0.018903 0.000000 0.999821 -0.753611 1.429309 58.157724
0.999823 0.000000 -0.018812 0.000000 1.000000 0.000000 0.018812 0.000000 0.999823 -0.713535 1.427725 57.976152
0.999825 0.000000 -0.018722 0.000000 1.000000 0.000000 0.018722 0.000000 0.999825 -0.673703 1.426150 57.795686
0.999826 0.000000 -0.018632 0.000000 1.000000 0.000000 0.018632 0.000000 0.999826 -0.634112 1.424585 57.616316
0.999828 0.000000 -0.018542 0.000000 1.000000 0.000000 0.018542 0.000000 0.999828 -0.594761 1.423029 57.438028
0.999830 0.000000 -0.018451 0.000000 1.000000 0.000000 0.018451 0.000000 0.999830 -0.555648 1.421482 57.260819
0.999831 0.000000 -0.018361 0.000000 1.000000 0.000000 0.018361 0.000000 0.999831 -0.526089 1.432365 58.507874
0.999833 0.000000 -0.018271 0.000000 1.000000 0.000000 0.018271 0.000000 0.999833 -0.495130 1.443764 59.814043
0.999835 0.000000 -0.018181 0.000000 1.000000 0.000000 0.018181 0.000000 0.999835 -0.462667 1.455716 61.183625
0.999836 0.000000 -0.018091 0.000000 1.000000 0.000000 0.018091 0.000000 0.999836 -0.428589 1.468263 62.621354
0.999838 0.000000 -0.018000 0.000000 1.000000 0.000000 0.018000 0.000000 0.999838 -0.388989 1.469282 62.738093
0.999840 0.000000 -0.017910 0.000000 1.000000 0.000000 0.017910 0.000000 0.999840 -0.349191 1.470306 62.855415
0.999841 0.000000 -0.017820 0.000000 1.000000 0.000000 0.017820 0.000000 0.999841 -0.288522 1.406513 55.545552
0.999843 0.000000 -0.017730 0.000000 1.000000 0.000000 0.017730 0.000000 0.999843 -0.240823 1.356359 49.798379
0.999844 0.000000 -0.017639 0.000000 1.000000 0.000000 0.017639 0.000000 0.999844 -0.236294 1.345366 48.538773
0.999846 0.000000 -0.017549 0.000000 1.000000 0.000000 0.017549 0.000000 0.999846 -0.231993 1.334927 47.342551
0.999836 0.000000 -0.018113 0.000000 1.000000 0.000000 0.018113 0.000000 0.999836 -0.266216 1.340788 48.014193
0.999826 0.000000 -0.018677 0.000000 1.000000 0.000000 0.018677 0.000000 0.999826 -0.301576 1.346844 48.708175
0.999815 0.000000 -0.019241 0.000000 1.000000 0.000000 0.019241 0.000000 0.999815 -0.338132 1.353106 49.425629
0.999804 0.000000 -0.019805 0.000000 1.000000 0.000000 0.019805 0.000000 0.999804 -0.375944 1.359582 50.167765
0.999793 0.000000 -0.020369 0.000000 1.000000 0.000000 0.020369 0.000000 0.999793 -0.415080 1.366285 50.935879
0.999781 0.000000 -0.020933 0.000000 1.000000 0.000000 0.020933 0.000000 0.999781 -0.466247 1.413654 56.363741
0.999769 0.000000 -0.021497 0.000000 1.000000 0.000000 0.021497 0.000000 0.999769 -0.530408 1.473051 63.170011
0.999757 0.000000 -0.022061 0.000000 1.000000 0.000000 0.022061 0.000000 0.999757 -0.549334 1.470129 62.835209
0.999744 0.000000 -0.022625 0.000000 1.000000 0.000000 0.022625 0.000000 0.999744 -0.568110 1.467231 62.503053
0.999731 0.000000 -0.023190 0.000000 1.000000 0.000000 0.023190 0.000000 0.999731 -0.586739 1.464355 62.173506
0.999732 0.000000 -0.023163 0.000000 1.000000 0.000000 0.023163 0.000000 0.999732 -0.544423 1.424147 57.566167
0.999732 0.000000 -0.023136 0.000000 1.000000 0.000000 0.023136 0.000000 0.999732 -0.508059 1.389595 53.606946
0.999733 0.000000 -0.023110 0.000000 1.000000 0.000000 0.023110 0.000000 0.999733 -0.579411 1.413275 56.320314
0.999734 0.000000 -0.023083 0.000000 1.000000 0.000000 0.023083 0.000000 0.999734 -0.728008 1.490738 65.196717
0.999734 0.000000 -0.023056 0.000000 1.000000 0.000000 0.023056 0.000000 0.999734 -0.935218 1.598755 77.574249
0.999735 0.000000 -0.023029 0.000000 1.000000 0.000000 0.023029 0.000000 0.999735 -0.884311 1.552751 72.302781
0.999735 0.000000 -0.023003 0.000000 1.000000 0.000000 0.023003 0.000000 0.999735 -0.839959 1.512672 67.710108
0.999736 0.000000 -0.022976 0.000000 1.000000 0.000000 0.022976 0.000000 0.999736 -0.749352 1.489209 65.021521
0.999737 0.000000 -0.022949 0.000000 1.000000 0.000000 0.022949 0.000000 0.999737 -0.599492 1.424307 57.584472
0.999737 0.000000 -0.022923 0.000000 1.000000 0.000000 0.022923 0.000000 0.999737 -0.481068 1.373019 51.707490
0.999738 0.000000 -0.022896 0.000000 1.000000 0.000000 0.022896 0.000000 0.999738 -0.480942 1.387258 53.339061
0.999738 0.000000 -0.022869 0.000000 1.000000 0.000000 0.022869 0.000000 0.999738 -0.480808 1.402475 55.082852
0.999739 0.000000 -0.022843 0.000000 1.000000 0.000000 0.022843 0.000000 0.999739 -0.480664 1.418777 56.950849
0.999740 0.000000 -0.022816 0.000000 1.000000 0.000000 0.022816 0.000000 0.999740 -0.444457 1.395570 54.291615
0.999740 0.000000 -0.022789 0.000000 1.000000 0.000000 0.022789 0.000000 0.999740 -0.411570 1.374492 51.876212
0.999741 0.000000 -0.022762 0.000000 1.000000 0.000000 0.022762 0.000000 0.999741 -0.422264 1.373067 51.713019
0.999742 0.000000 -0.022736 0.000000 1.000000 0.000000 0.022736 0.000000 0.999742 -0.432896 1.371651 51.550760
0.999742 0.000000 -0.022709 0.000000 1.000000 0.000000 0.022709 0.000000 0.999742 -0.443468 1.370243 51.389430
0.999743 0.000000 -0.022682 0.000000 1.000000 0.000000 0.022682 0.000000 0.999743 -0.439116 1.364916 50.778938
0.999743 0.000000 -0.022656 0.000000 1.000000 0.000000 0.022656 0.000000 0.999743 -0.514298 1.411691 56.138878
0.999744 0.000000 -0.022629 0.000000 1.000000 0.000000 0.022629 0.000000 0.999744 -0.678785 1.500723 66.340918
0.999745 0.000000 -0.022602 0.000000 1.000000 0.000000 0.022602 0.000000 0.999745 -0.789336 1.534960 70.264043
0.999745 0.000000 -0.022576 0.000000 1.000000 0.000000 0.022576 0.000000 0.999745 -0.779934 1.476607 63.577495
0.999746 0.000000 -0.022549 0.000000 1.000000 0.000000 0.022549 0.000000 0.999746 -0.772209 1.428667 58.084126
0.999746 0.000000 -0.022522 0.000000 1.000000 0.000000 0.022522 0.000000 0.999746 -0.765750 1.388581 53.490725
0.999747 0.000000 -0.022495 0.000000 1.000000 0.000000 0.022495 0.000000 0.999747 -0.824987 1.391074 53.776325
0.999748 0.000000 -0.022469 0.000000 1.000000 0.000000 0.022469 0.000000 0.999748 -0.952437 1.427567 57.958075
0.999748 0.000000 -0.022442 0.000000 1.000000 0.000000 0.022442 0.000000 0.999748 -1.102310 1.470481 62.875547
0.999749 0.000000 -0.022415 0.000000 1.000000 0.000000 0.022415 0.000000 0.999749 -1.150541 1.458358 61.486374
0.999749 0.000000 -0.022389 0.000000 1.000000 0.000000 0.022389 0.000000 0.999749 -1.196623 1.446775 60.159116
0.999750 0.000000 -0.022362 0.000000 1.000000 0.000000 0.022362 0.000000 0.999750 -1.145076 1.406083 55.496228
0.999751 0.000000 -0.022335 0.000000 1.000000 0.000000 0.022335 0.000000 0.999751 -1.101174 1.371426 51.524931
0.999751 0.000000 -0.022309 0.000000 1.000000 0.000000 0.022309 0.000000 0.999751 -0.962351 1.309124 44.385876
0.999752 0.000000 -0.022282 0.000000 1.000000 0.000000 0.022282 0.000000 0.999752 -0.903144 1.291868 42.408549
0.999752 0.000000 -0.022255 0.000000 1.000000 0.000000 0.022255 0.000000 0.999752 -0.849207 1.276149 40.607256
0.999753 0.000000 -0.022228 0.000000 1.000000 0.000000 0.022228 0.000000 0.999753 -0.903661 1.305775 44.002033
0.999754 0.000000 -0.022202 0.000000 1.000000 0.000000 0.022202 0.000000 0.999754 -0.968639 1.341126 48.052871
0.999754 0.000000 -0.022175 0.000000 1.000000 0.000000 0.022175 0.000000 0.999754 -1.047516 1.384039 52.970291
0.999755 0.000000 -0.022148 0.000000 1.000000 0.000000 0.022148 0.000000 0.999755 -0.962210 1.374301 51.854420
0.999755 0.000000 -0.022122 0.000000 1.000000 0.000000 0.022122 0.000000 0.999755 -0.880548 1.364979 50.786215
0.999756 0.000000 -0.022095 0.000000 1.000000 0.000000 0.022095 0.000000 0.999756 -0.811429 1.372797 51.682051
0.999756 0.000000 -0.022068 0.000000 1.000000 0.000000 0.022068 0.000000 0.999756 -0.739686 1.380912 52.611899
0.999757 0.000000 -0.022042 0.000000 1.000000 0.000000 0.022042 0.000000 0.999757 -0.734315 1.412920 56.279634
0.999758 0.000000 -0.022015 0.000000 1.000000 0.000000 0.022015 0.000000 0.999758 -0.728100 1.449954 60.523306
0.999758 0.000000 -0.021988 0.000000 1.000000 0.000000 0.021988 0.000000 0.999758 -0.720825 1.493298 65.490136
0.999759 0.000000 -0.021962 0.000000 1.000000 0.000000 0.021962 0.000000 0.999759 -0.560910 1.426431 57.827897
0.999759 0.000000 -0.021935 0.000000 1.000000 0.000000 0.021935 0.000000 0.999759 -0.435331 1.373921 51.810840
0.999760 0.000000 -0.021908 0.000000 1.000000 0.000000 0.021908 0.000000 0.999760 -0.335483 1.368862 51.231187
0.999761 0.000000 -0.021881 0.000000 1.000000 0.000000 0.021881 0.000000 0.999761 -0.280587 1.445314 59.991676
0.999761 0.000000 -0.021855 0.000000 1.000000 0.000000 0.021855 0.000000 0.999761 -0.201805 1.555031 60.563983
