13 1 0 0 0 1 0 0 0 1 -0.0044172 -0.019117 1.565
14 1 0 0 0 1 0 0 0 1 -0.0053895 -0.020557 1.6787
15 1 0 0 0 1 0 0 0 1 -0.0055223 -0.022356 1.8035
16 1 0 0 0 1 0 0 0 1 -0.0058398 -0.02441 1.9169
17 1 0 0 0 1 0 0 0 1 -0.0054144 -0.026845 2.0303
18 1 0 0 0 1 0 0 0 1 -0.0064079 -0.028841 2.1431
19 1 0 0 0 1 0 0 0 1 -0.0074179 -0.030738 2.2669
20 1 0 0 0 1 0 0 0 1 -0.008873 -0.032462 2.3789
21 1 0 0 0 1 0 0 0 1 -0.011085 -0.033971 2.4905
22 1 0 0 0 1 0 0 0 1 -0.012628 -0.035952 2.6126
23 1 0 0 0 1 0 0 0 1 -0.01387 -0.037745 2.723
24 1 0 0 0 1 0 0 0 1 -0.015328 -0.040002 2.8441
25 1 0 0 0 1 0 0 0 1 -0.01638 -0.042194 2.9543
26 1 0 0 0 1 0 0 0 1 -0.017033 -0.044395 3.0651
27 1 0 0 0 1 0 0 0 1 -0.018926 -0.046346 3.1864
28 1 0 0 0 1 0 0 0 1 -0.020255 -0.048466 3.2964
29 1 0 0 0 1 0 0 0 1 -0.021292 -0.050992 3.4068
30 1 0 0 0 1 0 0 0 1 -0.020659 -0.054792 3.5284
31 1 0 0 0 1 0 0 0 1 -0.020869 -0.057762 3.6382
32 1 0 0 0 1 0 0 0 1 -0.019988 -0.060876 3.7474
33 1 0 0 0 1 0 0 0 1 -0.018421 -0.064217 3.8673
34 1 0 0 0 1 0 0 0 1 -0.017003 -0.067016 3.9755
35 1 0 0 0 1 0 0 0 1 -0.015227 -0.070357 4.0843
36 1 0 0 0 1 0 0 0 1 -0.014045 -0.073219 4.203
37 1 0 0 0 1 0 0 0 1 -0.012055 -0.076067 4.3108
38 1 0 0 0 1 0 0 0 1 -0.010633 -0.078641 4.4178
39 1 0 0 0 1 0 0 0 1 -0.0084282 -0.081484 4.5356
40 1 0 0 0 1 0 0 0 1 -0.0063183 -0.083695 4.6425
41 1 0 0 0 1 0 0 0 1 -0.0030516 -0.086386 4.7608
42 1 0 0 0 1 0 0 0 1 0.00026471 -0.088771 4.8686
43 1 0 0 0 1 0 0 0 1 0.0039553 -0.091277 4.9763
44 1 0 0 0 1 0 0 0 1 0.0081831 -0.094318 5.0953
45 1 0 0 0 1 0 0 0 1 0.011779 -0.096777 5.2034
46 1 0 0 0 1 0 0 0 1 0.0157 -0.099342 5.3118
47 1 0 0 0 1 0 0 0 1 0.019147 -0.1015 5.4303
48 1 0 0 0 1 0 0 0 1 0.020833 -0.10338 5.5379
49 1 0 0 0 1 0 0 0 1 0.022879 -0.10576 5.6453
50 1 0 0 0 1 0 0 0 1 0.025227 -0.10847 5.7635
