0003 000013 0000 3.231946 1.509560 8.672142 -0.422824 0.403020 -0.866288 -0.426959 0.309416 -0.791566
0003 000014 0000 3.243415 1.488704 8.971434 -0.289605 0.441484 -0.511846 -0.292711 0.324548 -0.464839
0003 000015 0000 3.255802 1.554745 9.269818 -0.264928 0.474585 -0.446852 -0.265599 0.378582 -0.396864
0003 000016 0000 3.248616 1.548157 9.593708 -0.352214 0.511817 -0.829592 -0.355320 0.383708 -0.771065
0003 000017 0000 3.241430 1.541569 9.917599 -0.363240 0.487129 -0.866301 -0.367005 0.390056 -0.810728
0003 000018 0000 3.234244 1.534981 10.241490 -0.419866 0.463731 -1.053010 -0.421668 0.374257 -0.970162
0003 000019 0000 3.227057 1.528394 10.565380 -0.319483 0.554888 -0.770920 -0.314607 0.408000 -0.691360
0003 000020 0000 3.219871 1.521806 10.889271 -0.247049 0.593120 -0.488929 -0.249290 0.415448 -0.458950
0003 000021 0000 3.201323 1.535155 11.244542 -0.230557 0.590859 -0.523758 -0.233003 0.410585 -0.468095
0003 000022 0000 3.182775 1.548505 11.599813 -0.239315 0.590319 -0.498887 -0.240639 0.415050 -0.469623
0003 000023 0000 3.164227 1.561854 11.955084 -0.334733 0.544414 -0.850116 -0.335941 0.380536 -0.812852
0003 000024 0000 3.145678 1.575204 12.310354 -0.278302 0.585924 -0.726646 -0.280704 0.429300 -0.662577
0003 000025 0000 3.127130 1.588554 12.665625 -0.062810 0.694987 0.023425 -0.077938 0.526878 0.011117
0003 000026 0000 3.107886 1.605665 13.045118 -0.363174 0.605065 -1.236682 -0.367030 0.445847 -1.162449
0003 000027 0000 3.048608 1.622568 13.422626 -0.205252 0.642621 -0.571974 -0.206055 0.475890 -0.511502
0003 000028 0000 3.009346 1.639574 13.801126 -0.226704 0.651765 -0.673474 -0.231465 0.485664 -0.617382
0003 000029 0000 2.970085 1.656581 14.179626 -0.248895 0.631531 -0.800974 -0.252464 0.481012 -0.726227
0003 000030 0000 2.930824 1.673588 14.558126 -0.346746 0.575728 -1.443274 -0.352295 0.489596 -1.326913
0003 000031 0000 2.824466 1.662803 14.939588 -0.267354 0.601033 -0.976812 -0.273090 0.509937 -0.873759
0003 000032 0000 2.718109 1.652017 15.321051 -0.259781 0.612387 -0.897249 -0.264568 0.531748 -0.778863
0003 000033 0000 2.611752 1.641231 15.702513 -0.375298 0.552581 -1.909687 -0.383874 0.462233 -1.807934
0003 000034 0000 2.505394 1.630446 16.083975 -0.275766 0.648303 -1.255825 -0.278921 0.510661 -1.150908
0003 000035 0000 2.399037 1.619660 16.465437 -0.266553 0.579990 -1.443263 -0.273383 0.493943 -1.328924
0003 000036 0000 2.244392 1.622299 16.900184 -0.292868 0.582049 -1.707916 -0.300542 0.495909 -1.598874
0003 000037 0000 2.089746 1.624939 17.334931 -0.162614 0.666899 -0.400769 -0.166187 0.607273 -0.300133
0003 000038 0000 1.935101 1.627578 17.769678 -0.148629 0.655942 -0.391122 -0.152642 0.593308 -0.303047
0003 000039 0000 1.780456 1.630218 18.204425 -0.134014 0.669967 -0.337475 -0.138809 0.607728 -0.235525
0003 000040 0000 1.625811 1.632857 18.639172 -0.199999 0.610167 -1.420828 -0.209567 0.528231 -1.283167
0003 000041 0000 1.442928 1.650376 19.060936 -0.171982 0.594606 -1.339564 -0.180877 0.503813 -1.214303
0003 000042 0000 1.260046 1.667895 19.482701 -0.114504 0.675376 -0.526199 -0.120549 0.539887 -0.279827
0003 000043 0000 1.077164 1.685413 19.904465 -0.098806 0.699970 -0.876435 -0.107704 0.549131 -0.698077
0003 000044 0000 0.894281 1.702932 20.326230 -0.107139 0.692332 -1.052570 -0.117170 0.548268 -0.852623
0003 000045 0000 0.711399 1.720451 20.747994 -0.096060 0.810600 -0.034106 -0.100645 0.650888 0.178330
0003 000046 0000 0.533648 1.738486 21.126697 -0.084152 0.776751 -0.201903 -0.086801 0.615974 0.040114
0003 000047 0000 0.355896 1.756521 21.505399 -0.077958 0.653211 -2.009201 -0.105491 0.515625 -1.652723
0003 000048 0000 0.178145 1.774557 21.884102 -0.080189 0.685877 -0.716698 -0.095652 0.529484 -0.409917
0003 000049 0000 0.032764 1.719312 22.267706 -0.031949 0.610932 -2.205894 -0.072268 0.505168 -1.766036
0003 000050 0000 -0.112617 1.664068 22.651311 -0.039501 0.694835 -1.568889 -0.065006 0.546381 -1.245231
