0.999675 0.000000 -0.025477 0.000000 1.000000 0.000000 0.025477 0.000000 0.999675 -0.798360 1.188181 30.527191
0.999678 0.000000 -0.025384 0.000000 1.000000 0.000000 0.025384 0.000000 0.999678 -0.245735 1.248077 24.710425
0.999680 0.000000 -0.025292 0.000000 1.000000 0.000000 0.025292 0.000000 0.999680 -0.319084 1.282035 25.398125
0.999682 0.000000 -0.025199 0.000000 1.000000 0.000000 0.025199 0.000000 0.999682 -0.206469 1.138735 26.120225
0.999685 0.000000 -0.025107 0.000000 1.000000 0.000000 0.025107 0.000000 0.999685 -0.187704 1.211125 26.277025
0.999687 0.000000 -0.025015 0.000000 1.000000 0.000000 0.025015 0.000000 0.999687 -0.100486 1.221425 26.434950
0.999689 0.000000 -0.024922 0.000000 1.000000 0.000000 0.024922 0.000000 0.999689 -0.363526 1.216578 25.609700
0.999692 0.000000 -0.024830 0.000000 1.000000 0.000000 0.024830 0.000000 0.999692 -0.125913 1.280820 24.856750
0.999694 0.000000 -0.024738 0.000000 1.000000 0.000000 0.024738 0.000000 0.999694 -0.231968 1.123997 24.174750
0.999696 0.000000 -0.024645 0.000000 1.000000 0.000000 0.024645 0.000000 0.999696 -0.805006 1.204892 25.067700
0.999699 0.000000 -0.024553 0.000000 1.000000 0.000000 0.024553 0.000000 0.999699 -0.118732 1.149735 26.047300
0.999701 0.000000 -0.024460 0.000000 1.000000 0.000000 0.024460 0.000000 0.999701 0.010813 1.233400 27.069800
0.999703 0.000000 -0.024368 0.000000 1.000000 0.000000 0.024368 0.000000 0.999703 0.033556 1.181882 28.165250
0.999705 0.000000 -0.024276 0.000000 1.000000 0.000000 0.024276 0.000000 0.999705 0.023288 1.216917 29.332025
0.999708 0.000000 -0.024183 0.000000 1.000000 0.000000 0.024183 0.000000 0.999708 0.108848 1.181353 28.717550
0.999710 0.000000 -0.024091 0.000000 1.000000 0.000000 0.024091 0.000000 0.999710 0.187903 1.170080 28.142850
0.999712 0.000000 -0.023998 0.000000 1.000000 0.000000 0.023998 0.000000 0.999712 0.175109 1.179363 27.604475
0.999714 0.000000 -0.023906 0.000000 1.000000 0.000000 0.023906 0.000000 0.999714 0.276269 1.281213 30.233425
0.999716 0.000000 -0.023814 0.000000 1.000000 0.000000 0.023814 0.000000 0.999716 0.417077 1.166230 33.409650
0.999719 0.000000 -0.023721 0.000000 1.000000 0.000000 0.023721 0.000000 0.999719 0.618618 1.187163 36.901550
0.999721 0.000000 -0.023629 0.000000 1.000000 0.000000 0.023629 0.000000 0.999721 0.472817 1.001385 35.738300
0.999723 0.000000 -0.023537 0.000000 1.000000 0.000000 0.023537 0.000000 0.999723 0.365249 1.127695 32.195100
0.999725 0.000000 -0.023445 0.000000 1.000000 0.000000 0.023445 0.000000 0.999725 -0.605654 1.215698 29.381625
0.999727 0.000000 -0.023353 0.000000 1.000000 0.000000 0.023353 0.000000 0.999727 0.377067 1.112637 29.424600
0.999729 0.000000 -0.023260 0.000000 1.000000 0.000000 0.023260 0.000000 0.999729 0.330775 1.232925 30.719925
0.999732 0.000000 -0.023168 0.000000 1.000000 0.000000 0.023168 0.000000 0.999732 -0.462485 1.106307 32.124100
0.999734 0.000000 -0.023076 0.000000 1.000000 0.000000 0.023076 0.000000 0.999734 0.200259 1.081753 32.115225
0.999736 0.000000 -0.022983 0.000000 1.000000 0.000000 0.022983 0.000000 0.999736 0.176018 1.272765 32.096400
0.999738 0.000000 -0.022891 0.000000 1.000000 0.000000 0.022891 0.000000 0.999738 0.083277 1.133818 32.089775
0.999740 0.000000 -0.022808 0.000000 1.000000 0.000000 0.022808 0.000000 0.999740 0.070467 1.344945 32.460475
0.999742 0.000000 -0.022725 0.000000 1.000000 0.000000 0.022725 0.000000 0.999742 -0.010197 1.142475 32.850075
0.999744 0.000000 -0.022642 0.000000 1.000000 0.000000 0.022642 0.000000 0.999744 -0.056484 1.373263 36.014525
0.999746 0.000000 -0.022558 0.000000 1.000000 0.000000 0.022558 0.000000 0.999746 -0.170085 1.120143 39.861350
0.999747 0.000000 -0.022475 0.000000 1.000000 0.000000 0.022475 0.000000 0.999747 -0.329910 1.193007 44.598950
0.999749 0.000000 -0.022392 0.000000 1.000000 0.000000 0.022392 0.000000 0.999749 -0.290054 1.116895 43.805300
0.999751 0.000000 -0.022309 0.000000 1.000000 0.000000 0.022309 0.000000 0.999751 -0.476279 1.045538 43.051225
0.999753 0.000000 -0.022226 0.000000 1.000000 0.000000 0.022226 0.000000 0.999753 -0.581472 1.164330 42.331175
0.999755 0.000000 -0.022143 0.000000 1.000000 0.000000 0.022143 0.000000 0.999755 -0.573490 1.063338 39.262675
0.999757 0.000000 -0.022060 0.000000 1.000000 0.000000 0.022060 0.000000 0.999757 -1.417575 1.111705 36.645050
0.999759 0.000000 -0.021969 0.000000 1.000000 0.000000 0.021969 0.000000 0.999759 -0.549340 1.194185 35.888100
0.999761 0.000000 -0.021879 0.000000 1.000000 0.000000 0.021879 0.000000 0.999761 -0.707980 1.085320 35.153125
0.999763 0.000000 -0.021789 0.000000 1.000000 0.000000 0.021789 0.000000 0.999763 -0.433320 1.178075 34.457725
0.999765 0.000000 -0.021699 0.000000 1.000000 0.000000 0.021699 0.000000 0.999765 -0.436268 1.087328 33.799625
0.999767 0.000000 -0.021608 0.000000 1.000000 0.000000 0.021608 0.000000 0.999767 -0.346031 1.104062 33.171950
0.999768 0.000000 -0.021518 0.000000 1.000000 0.000000 0.021518 0.000000 0.999768 -0.358546 1.155757 32.496575
0.999770 0.000000 -0.021428 0.000000 1.000000 0.000000 0.021428 0.000000 0.999770 -0.390277 1.131505 31.858925
0.999772 0.000000 -0.021338 0.000000 1.000000 0.000000 0.021338 0.000000 0.999772 -0.262096 1.247083 32.675375
0.999774 0.000000 -0.021248 0.000000 1.000000 0.000000 0.021248 0.000000 0.999774 -0.466898 1.056935 33.538100
0.999776 0.000000 -0.021157 0.000000 1.000000 0.000000 0.021157 0.000000 0.999776 -0.321111 1.197682 34.433600
0.999778 0.000000 -0.021067 0.000000 1.000000 0.000000 0.021067 0.000000 0.999778 -0.440475 1.210465 35.180175
0.999780 0.000000 -0.020977 0.000000 1.000000 0.000000 0.020977 0.000000 0.999780 -0.348070 1.190620 35.962275
0.999782 0.000000 -0.020887 0.000000 1.000000 0.000000 0.020887 0.000000 0.999782 -0.262569 1.139640 36.779150
0.999784 0.000000 -0.020796 0.000000 1.000000 0.000000 0.020796 0.000000 0.999784 -0.184057 1.188285 37.629100
0.999786 0.000000 -0.020706 0.000000 1.000000 0.000000 0.020706 0.000000 0.999786 -0.203355 1.080372 38.522275
0.999787 0.000000 -0.020616 0.000000 1.000000 0.000000 0.020616 0.000000 0.999787 -0.245427 1.100950 39.716175
0.999789 0.000000 -0.020526 0.000000 1.000000 0.000000 0.020526 0.000000 0.999789 -0.205775 1.133585 40.986350
0.999791 0.000000 -0.020436 0.000000 1.000000 0.000000 0.020436 0.000000 0.999791 -0.237606 1.045370 42.342350
0.999793 0.000000 -0.020345 0.000000 1.000000 0.000000 0.020345 0.000000 0.999793 -0.114832 1.016412 43.788725
0.999795 0.000000 -0.020255 0.000000 1.000000 0.000000 0.020255 0.000000 0.999795 0.032840 1.122915 45.332750
0.999797 0.000000 -0.020165 0.000000 1.000000 0.000000 0.020165 0.000000 0.999797 0.010777 1.082547 45.060325
0.999798 0.000000 -0.020075 0.000000 1.000000 0.000000 0.020075 0.000000 0.999798 0.000201 1.144870 44.789900
0.999800 0.000000 -0.019984 0.000000 1.000000 0.000000 0.019984 0.000000 0.999800 0.064572 1.019495 44.526700
0.999802 0.000000 -0.019894 0.000000 1.000000 0.000000 0.019894 0.000000 0.999802 -0.033736 1.027788 43.293925
0.999804 0.000000 -0.019804 0.000000 1.000000 0.000000 0.019804 0.000000 0.999804 -0.105778 1.074418 42.131375
0.999806 0.000000 -0.019714 0.000000 1.000000 0.000000 0.019714 0.000000 0.999806 0.012832 1.195415 39.556550
0.999807 0.000000 -0.019623 0.000000 1.000000 0.000000 0.019623 0.000000 0.999807 -0.014108 1.256378 37.298825
0.999809 0.000000 -0.019533 0.000000 1.000000 0.000000 0.019533 0.000000 0.999809 -0.241066 1.047260 35.310250
0.999811 0.000000 -0.019443 0.000000 1.000000 0.000000 0.019443 0.000000 0.999811 -0.172832 1.096443 36.653350
0.999813 0.000000 -0.019353 0.000000 1.000000 0.000000 0.019353 0.000000 0.999813 -0.059307 1.052125 38.110975
0.999814 0.000000 -0.019263 0.000000 1.000000 0.000000 0.019263 0.000000 0.999814 0.010830 1.272463 37.381825
0.999816 0.000000 -0.019172 0.000000 1.000000 0.000000 0.019172 0.000000 0.999816 -0.111164 1.073000 36.693350
0.999818 0.000000 -0.019083 0.000000 1.000000 0.000000 0.019083 0.000000 0.999818 0.069849 1.247998 36.019825
0.999820 0.000000 -0.018993 0.000000 1.000000 0.000000 0.018993 0.000000 0.999820 -0.234432 1.025807 38.529375
0.999821 0.000000 -0.018903 0.000000 1.000000 0.000000 0.018903 0.000000 0.999821 -0.033757 1.030147 41.437125
0.999823 0.000000 -0.018812 0.000000 1.000000 0.000000 0.018812 0.000000 0.999823 0.046535 1.181005 41.334900
0.999825 0.000000 -0.018722 0.000000 1.000000 0.000000 0.018722 0.000000 0.999825 -0.031432 1.062130 41.240600
0.999826 0.000000 -0.018632 0.000000 1.000000 0.000000 0.018632 0.000000 0.999826 0.160748 1.179418 41.140050
0.999828 0.000000 -0.018542 0.000000 1.000000 0.000000 0.018542 0.000000 0.999828 0.018280 1.106940 41.046500
0.999830 0.000000 -0.018451 0.000000 1.000000 0.000000 0.018451 0.000000 0.999830 0.101259 1.227247 40.946875
0.999831 0.000000 -0.018361 0.000000 1.000000 0.000000 0.018361 0.000000 0.999831 0.190062 1.102590 41.623500
0.999833 0.000000 -0.018271 0.000000 1.000000 0.000000 0.018271 0.000000 0.999833 0.228021 1.174445 42.320550
0.999835 0.000000 -0.018181 0.000000 1.000000 0.000000 0.018181 0.000000 0.999835 0.221167 1.126230 43.047025
0.999836 0.000000 -0.018091 0.000000 1.000000 0.000000 0.018091 0.000000 0.999836 0.028690 1.082705 43.801325
0.999838 0.000000 -0.018000 0.000000 1.000000 0.000000 0.018000 0.000000 0.999838 0.291151 1.017250 43.862625
0.999840 0.000000 -0.017910 0.000000 1.000000 0.000000 0.017910 0.000000 0.999840 -0.548983 0.983841 43.922400
0.999841 0.000000 -0.017820 0.000000 1.000000 0.000000 0.017820 0.000000 0.999841 -0.697694 1.046915 40.009275
0.999843 0.000000 -0.017730 0.000000 1.000000 0.000000 0.017730 0.000000 0.999843 0.258326 1.098157 36.774125
0.999844 0.000000 -0.017639 0.000000 1.000000 0.000000 0.017639 0.000000 0.999844 0.179940 1.098928 36.044050
0.999846 0.000000 -0.017549 0.000000 1.000000 0.000000 0.017549 0.000000 0.999846 0.236937 1.127245 35.341375
0.999836 0.000000 -0.018113 0.000000 1.000000 0.000000 0.018113 0.000000 0.999836 0.175549 1.105175 35.736975
0.999826 0.000000 -0.018677 0.000000 1.000000 0.000000 0.018677 0.000000 0.999826 0.292213 1.279103 36.135375
0.999815 0.000000 -0.019241 0.000000 1.000000 0.000000 0.019241 0.000000 0.999815 0.262140 1.313095 36.550675
0.999804 0.000000 -0.019805 0.000000 1.000000 0.000000 0.019805 0.000000 0.999804 0.211747 1.333700 36.978600
0.999793 0.000000 -0.020369 0.000000 1.000000 0.000000 0.020369 0.000000 0.999793 0.191658 1.263718 37.421400
0.999781 0.000000 -0.020933 0.000000 1.000000 0.000000 0.020933 0.000000 0.999781 0.243305 1.277962 40.455900
0.999769 0.000000 -0.021497 0.000000 1.000000 0.000000 0.021497 0.000000 0.999769 0.078791 0.982618 44.088425
0.999757 0.000000 -0.022061 0.000000 1.000000 0.000000 0.022061 0.000000 0.999757 0.311693 1.170063 43.908850
0.999744 0.000000 -0.022625 0.000000 1.000000 0.000000 0.022625 0.000000 0.999744 0.274346 1.213558 43.734875
0.999731 0.000000 -0.023190 0.000000 1.000000 0.000000 0.023190 0.000000 0.999731 0.086624 1.009516 43.569125
0.999732 0.000000 -0.023163 0.000000 1.000000 0.000000 0.023163 0.000000 0.999732 0.095058 1.050808 41.117000
0.999732 0.000000 -0.023136 0.000000 1.000000 0.000000 0.023136 0.000000 0.999732 0.095338 1.039820 38.938275
0.999733 0.000000 -0.023110 0.000000 1.000000 0.000000 0.023110 0.000000 0.999733 0.240127 1.239845 40.433050
0.999734 0.000000 -0.023083 0.000000 1.000000 0.000000 0.023083 0.000000 0.999734 0.112612 1.086898 45.127575
0.999734 0.000000 -0.023056 0.000000 1.000000 0.000000 0.023056 0.000000 0.999734 -0.065861 0.920258 51.156475
0.999735 0.000000 -0.023029 0.000000 1.000000 0.000000 0.023029 0.000000 0.999735 0.161205 1.112918 48.654600
0.999735 0.000000 -0.023003 0.000000 1.000000 0.000000 0.023003 0.000000 0.999735 0.021727 1.119005 46.396475
0.999736 0.000000 -0.022976 0.000000 1.000000 0.000000 0.022976 0.000000 0.999736 0.098715 1.148067 45.036650
0.999737 0.000000 -0.022949 0.000000 1.000000 0.000000 0.022949 0.000000 0.999737 0.104677 1.156760 41.124050
0.999737 0.000000 -0.022923 0.000000 1.000000 0.000000 0.022923 0.000000 0.999737 0.194786 1.129833 37.864550
0.999738 0.000000 -0.022896 0.000000 1.000000 0.000000 0.022896 0.000000 0.999738 0.130611 1.078777 38.787150
0.999738 0.000000 -0.022869 0.000000 1.000000 0.000000 0.022869 0.000000 0.999738 0.163801 1.089035 39.757375
0.999739 0.000000 -0.022843 0.000000 1.000000 0.000000 0.022843 0.000000 0.999739 0.042257 1.056398 40.783500
0.999740 0.000000 -0.022816 0.000000 1.000000 0.000000 0.022816 0.000000 0.999740 0.213027 1.198542 39.315700
0.999740 0.000000 -0.022789 0.000000 1.000000 0.000000 0.022789 0.000000 0.999740 0.204086 1.107625 37.961675
0.999741 0.000000 -0.022762 0.000000 1.000000 0.000000 0.022762 0.000000 0.999741 0.192949 1.341077 37.861575
0.999742 0.000000 -0.022736 0.000000 1.000000 0.000000 0.022736 0.000000 0.999742 0.249630 1.081515 37.777400
0.999742 0.000000 -0.022709 0.000000 1.000000 0.000000 0.022709 0.000000 0.999742 0.069177 1.096100 37.685850
0.999743 0.000000 -0.022682 0.000000 1.000000 0.000000 0.022682 0.000000 0.999743 0.230094 1.174983 37.333825
0.999743 0.000000 -0.022656 0.000000 1.000000 0.000000 0.022656 0.000000 0.999743 0.193172 1.194800 40.335525
0.999744 0.000000 -0.022629 0.000000 1.000000 0.000000 0.022629 0.000000 0.999744 -0.671852 1.045678 45.704550
0.999745 0.000000 -0.022602 0.000000 1.000000 0.000000 0.022602 0.000000 0.999745 -1.253955 1.067385 47.647075
0.999745 0.000000 -0.022576 0.000000 1.000000 0.000000 0.022576 0.000000 0.999745 -1.128390 1.034928 44.283025
0.999746 0.000000 -0.022549 0.000000 1.000000 0.000000 0.022549 0.000000 0.999746 0.135818 1.189355 41.393050
0.999746 0.000000 -0.022522 0.000000 1.000000 0.000000 0.022522 0.000000 0.999746 -0.147647 1.086135 38.871575
0.999747 0.000000 -0.022495 0.000000 1.000000 0.000000 0.022495 0.000000 0.999747 -0.062681 1.169158 39.028900
0.999748 0.000000 -0.022469 0.000000 1.000000 0.000000 0.022469 0.000000 0.999748 -0.302330 0.991799 41.329575
0.999748 0.000000 -0.022442 0.000000 1.000000 0.000000 0.022442 0.000000 0.999748 -0.194551 1.247457 43.928175
0.999749 0.000000 -0.022415 0.000000 1.000000 0.000000 0.022415 0.000000 0.999749 -0.290428 1.203740 43.203475
0.999749 0.000000 -0.022389 0.000000 1.000000 0.000000 0.022389 0.000000 0.999749 -0.272708 1.260033 42.501675
0.999750 0.000000 -0.022362 0.000000 1.000000 0.000000 0.022362 0.000000 0.999750 -0.417187 1.004951 39.986150
0.999751 0.000000 -0.022335 0.000000 1.000000 0.000000 0.022335 0.000000 0.999751 -0.291179 1.085430 37.762025
0.999751 0.000000 -0.022309 0.000000 1.000000 0.000000 0.022309 0.000000 0.999751 -0.457926 1.128408 33.574900
0.999752 0.000000 -0.022282 0.000000 1.000000 0.000000 0.022282 0.000000 0.999752 -0.315609 1.177072 32.370900
0.999752 0.000000 -0.022255 0.000000 1.000000 0.000000 0.022255 0.000000 0.999752 -0.509394 1.151510 31.254425
0.999753 0.000000 -0.022228 0.000000 1.000000 0.000000 0.022228 0.000000 0.999753 -0.133783 1.128732 33.345250
0.999754 0.000000 -0.022202 0.000000 1.000000 0.000000 0.022202 0.000000 0.999754 -0.359839 1.089522 35.757075
0.999754 0.000000 -0.022175 0.000000 1.000000 0.000000 0.022175 0.000000 0.999754 -0.122625 1.154832 38.577525
0.999755 0.000000 -0.022148 0.000000 1.000000 0.000000 0.022148 0.000000 0.999755 -0.244909 1.129355 37.947825
0.999755 0.000000 -0.022122 0.000000 1.000000 0.000000 0.022122 0.000000 0.999755 -0.073480 1.174073 37.337700
0.999756 0.000000 -0.022095 0.000000 1.000000 0.000000 0.022095 0.000000 0.999756 -0.513906 1.156010 37.846275
0.999756 0.000000 -0.022068 0.000000 1.000000 0.000000 0.022068 0.000000 0.999756 -0.888344 1.067327 38.368225
0.999757 0.000000 -0.022042 0.000000 1.000000 0.000000 0.022042 0.000000 0.999757 -0.208897 1.011017 40.417100
0.999758 0.000000 -0.022015 0.000000 1.000000 0.000000 0.022015 0.000000 0.999758 0.036290 0.991264 42.701700
0.999758 0.000000 -0.021988 0.000000 1.000000 0.000000 0.021988 0.000000 0.999758 -0.118783 1.009996 45.278950
0.999759 0.000000 -0.021962 0.000000 1.000000 0.000000 0.021962 0.000000 0.999759 0.177554 0.998767 41.259700
0.999759 0.000000 -0.021935 0.000000 1.000000 0.000000 0.021935 0.000000 0.999759 0.115994 1.085908 37.925175
0.999760 0.000000 -0.021908 0.000000 1.000000 0.000000 0.021908 0.000000 0.999760 0.313971 1.116890 37.593850
0.999761 0.000000 -0.021881 0.000000 1.000000 0.000000 0.021881 0.000000 0.999761 0.462768 1.009375 42.417975
0.999761 0.000000 -0.021855 0.000000 1.000000 0.000000 0.021855 0.000000 0.999761 0.531022 1.060333 48.781450
