16.5625 39.84375
16.71875 39.84375
16.875 39.84375
17.03125 39.84375
17.1875 39.84375
17.34375 39.84375
17.5 39.84375
17.65625 39.84375
17.8125 39.84375
17.96875 39.84375
18.125 39.84375
18.28125 39.84375
18.4375 39.84375
18.59375 39.84375
18.75 39.84375
18.90625 39.84375
19.0625 39.84375
19.21875 39.84375
19.375 39.84375
19.53125 39.84375
19.6875 39.84375
19.84375 39.84375
20.0 39.84375
16.5625 39.6875
16.71875 39.6875
16.875 39.6875
17.03125 39.6875
17.1875 39.6875
17.34375 39.6875
17.5 39.6875
17.65625 39.6875
17.8125 39.6875
17.96875 39.6875
18.125 39.6875
18.28125 39.6875
18.4375 39.6875
18.59375 39.6875
18.75 39.6875
18.90625 39.6875
19.0625 39.6875
19.21875 39.6875
19.375 39.6875
19.53125 39.6875
19.6875 39.6875
19.84375 39.6875
20.0 39.6875
16.40625 39.53125
16.5625 39.53125
16.71875 39.53125
16.875 39.53125
17.03125 39.53125
17.1875 39.53125
17.34375 39.53125
17.5 39.53125
17.65625 39.53125
17.8125 39.53125
17.96875 39.53125
18.125 39.53125
18.28125 39.53125
18.4375 39.53125
18.59375 39.53125
18.75 39.53125
18.90625 39.53125
19.0625 39.53125
19.21875 39.53125
19.375 39.53125
19.53125 39.53125
19.6875 39.53125
19.84375 39.53125
20.0 39.53125
16.40625 39.375
16.5625 39.375
16.71875 39.375
16.875 39.375
17.03125 39.375
17.1875 39.375
17.34375 39.375
17.5 39.375
17.65625 39.375
17.8125 39.375
17.96875 39.375
18.125 39.375
18.28125 39.375
18.4375 39.375
18.59375 39.375
18.75 39.375
18.90625 39.375
19.0625 39.375
19.21875 39.375
19.375 39.375
19.53125 39.375
19.6875 39.375
19.84375 39.375
20.0 39.375
16.25 39.21875
16.40625 39.21875
16.5625 39.21875
16.71875 39.21875
16.875 39.21875
17.03125 39.21875
17.1875 39.21875
17.34375 39.21875
17.5 39.21875
17.65625 39.21875
17.8125 39.21875
17.96875 39.21875
18.125 39.21875
18.28125 39.21875
18.4375 39.21875
18.59375 39.21875
18.75 39.21875
18.90625 39.21875
19.0625 39.21875
19.21875 39.21875
19.375 39.21875
19.53125 39.21875
19.6875 39.21875
19.84375 39.21875
20.0 39.21875
16.25 39.0625
16.40625 39.0625
16.5625 39.0625
16.71875 39.0625
16.875 39.0625
17.03125 39.0625
17.1875 39.0625
17.34375 39.0625
17.5 39.0625
17.65625 39.0625
17.8125 39.0625
17.96875 39.0625
18.125 39.0625
18.28125 39.0625
18.4375 39.0625
18.59375 39.0625
18.75 39.0625
18.90625 39.0625
19.0625 39.0625
19.21875 39.0625
19.375 39.0625
19.53125 39.0625
19.6875 39.0625
19.84375 39.0625
20.0 39.0625
16.25 38.90625
16.40625 38.90625
16.5625 38.90625
16.71875 38.90625
16.875 38.90625
17.03125 38.90625
17.1875 38.90625
17.34375 38.90625
17.5 38.90625
17.65625 38.90625
17.8125 38.90625
17.96875 38.90625
18.125 38.90625
18.28125 38.90625
18.4375 38.90625
18.59375 38.90625
18.75 38.90625
18.90625 38.90625
19.0625 38.90625
19.21875 38.90625
19.375 38.90625
19.53125 38.90625
19.6875 38.90625
19.84375 38.90625
20.0 38.90625
16.09375 38.75
16.25 38.75
16.40625 38.75
16.5625 38.75
16.71875 38.75
16.875 38.75
17.03125 38.75
17.1875 38.75
17.34375 38.75
17.5 38.75
17.65625 38.75
17.8125 38.75
17.96875 38.75
18.125 38.75
18.28125 38.75
18.4375 38.75
18.59375 38.75
18.75 38.75
18.90625 38.75
19.0625 38.75
19.21875 38.75
19.375 38.75
19.53125 38.75
19.6875 38.75
19.84375 38.75
20.0 38.75
16.09375 38.59375
16.25 38.59375
16.40625 38.59375
16.5625 38.59375
16.71875 38.59375
16.875 38.59375
17.03125 38.59375
17.1875 38.59375
17.34375 38.59375
17.5 38.59375
17.65625 38.59375
17.8125 38.59375
17.96875 38.59375
18.125 38.59375
18.28125 38.59375
18.4375 38.59375
18.59375 38.59375
18.75 38.59375
18.90625 38.59375
19.0625 38.59375
19.21875 38.59375
19.375 38.59375
19.53125 38.59375
19.6875 38.59375
19.84375 38.59375
20.0 38.59375
16.09375 38.4375
16.25 38.4375
16.40625 38.4375
16.5625 38.4375
16.71875 38.4375
16.875 38.4375
17.03125 38.4375
17.1875 38.4375
17.34375 38.4375
17.5 38.4375
17.65625 38.4375
17.8125 38.4375
17.96875 38.4375
18.125 38.4375
18.28125 38.4375
18.4375 38.4375
18.59375 38.4375
18.75 38.4375
18.90625 38.4375
19.0625 38.4375
19.21875 38.4375
19.375 38.4375
19.53125 38.4375
19.6875 38.4375
19.84375 38.4375
20.0 38.4375
15.9375 38.28125
16.09375 38.28125
16.25 38.28125
16.40625 38.28125
16.5625 38.28125
16.71875 38.28125
16.875 38.28125
17.03125 38.28125
17.1875 38.28125
17.34375 38.28125
17.5 38.28125
17.65625 38.28125
17.8125 38.28125
17.96875 38.28125
18.125 38.28125
18.28125 38.28125
18.4375 38.28125
18.59375 38.28125
18.75 38.28125
18.90625 38.28125
19.0625 38.28125
19.21875 38.28125
19.375 38.28125
19.53125 38.28125
19.6875 38.28125
19.84375 38.28125
20.0 38.28125
15.9375 38.125
16.09375 38.125
16.25 38.125
16.40625 38.125
16.5625 38.125
16.71875 38.125
16.875 38.125
17.03125 38.125
17.1875 38.125
17.34375 38.125
17.5 38.125
17.65625 38.125
17.8125 38.125
17.96875 38.125
18.125 38.125
18.28125 38.125
18.4375 38.125
18.59375 38.125
18.75 38.125
18.90625 38.125
19.0625 38.125
19.21875 38.125
19.375 38.125
19.53125 38.125
19.6875 38.125
19.84375 38.125
20.0 38.125
15.78125 37.96875
15.9375 37.96875
16.09375 37.96875
16.25 37.96875
16.40625 37.96875
16.5625 37.96875
16.71875 37.96875
16.875 37.96875
17.03125 37.96875
17.1875 37.96875
17.34375 37.96875
17.5 37.96875
17.65625 37.96875
17.8125 37.96875
17.96875 37.96875
18.125 37.96875
18.28125 37.96875
18.4375 37.96875
18.59375 37.96875
18.75 37.96875
18.90625 37.96875
19.0625 37.96875
19.21875 37.96875
19.375 37.96875
19.53125 37.96875
19.6875 37.96875
19.84375 37.96875
20.0 37.96875
15.78125 37.8125
15.9375 37.8125
16.09375 37.8125
16.25 37.8125
16.40625 37.8125
16.5625 37.8125
16.71875 37.8125
16.875 37.8125
17.03125 37.8125
17.1875 37.8125
17.34375 37.8125
17.5 37.8125
17.65625 37.8125
17.8125 37.8125
17.96875 37.8125
18.125 37.8125
18.28125 37.8125
18.4375 37.8125
18.59375 37.8125
18.75 37.8125
18.90625 37.8125
19.0625 37.8125
19.21875 37.8125
19.375 37.8125
19.53125 37.8125
19.6875 37.8125
19.84375 37.8125
20.0 37.8125
15.78125 37.65625
15.9375 37.65625
16.09375 37.65625
16.25 37.65625
16.40625 37.65625
16.5625 37.65625
16.71875 37.65625
16.875 37.65625
17.03125 37.65625
17.1875 37.65625
17.34375 37.65625
17.5 37.65625
17.65625 37.65625
17.8125 37.65625
17.96875 37.65625
18.125 37.65625
18.28125 37.65625
18.4375 37.65625
18.59375 37.65625
18.75 37.65625
18.90625 37.65625
19.0625 37.65625
19.21875 37.65625
19.375 37.65625
19.53125 37.65625
19.6875 37.65625
19.84375 37.65625
20.0 37.65625
15.625 37.5
15.78125 37.5
15.9375 37.5
16.09375 37.5
16.25 37.5
16.40625 37.5
16.5625 37.5
16.71875 37.5
16.875 37.5
17.03125 37.5
17.1875 37.5
17.34375 37.5
17.5 37.5
17.65625 37.5
17.8125 37.5
17.96875 37.5
18.125 37.5
18.28125 37.5
18.4375 37.5
18.59375 37.5
18.75 37.5
18.90625 37.5
19.0625 37.5
19.21875 37.5
19.375 37.5
19.53125 37.5
19.6875 37.5
19.84375 37.5
20.0 37.5
15.625 37.34375
15.78125 37.34375
15.9375 37.34375
16.09375 37.34375
16.25 37.34375
16.40625 37.34375
16.5625 37.34375
16.71875 37.34375
16.875 37.34375
17.03125 37.34375
17.1875 37.34375
17.34375 37.34375
17.5 37.34375
17.65625 37.34375
17.8125 37.34375
17.96875 37.34375
18.125 37.34375
18.28125 37.34375
18.4375 37.34375
18.59375 37.34375
18.75 37.34375
18.90625 37.34375
19.0625 37.34375
19.21875 37.34375
19.375 37.34375
19.53125 37.34375
15.46875 37.1875
15.625 37.1875
15.78125 37.1875
15.9375 37.1875
16.09375 37.1875
16.25 37.1875
16.40625 37.1875
16.5625 37.1875
16.71875 37.1875
16.875 37.1875
17.03125 37.1875
17.1875 37.1875
17.34375 37.1875
17.5 37.1875
17.65625 37.1875
17.8125 37.1875
17.96875 37.1875
18.125 37.1875
18.28125 37.1875
18.4375 37.1875
18.59375 37.1875
18.75 37.1875
18.90625 37.1875
19.0625 37.1875
19.21875 37.1875
19.375 37.1875
19.53125 37.1875
15.46875 37.03125
15.625 37.03125
15.78125 37.03125
15.9375 37.03125
16.09375 37.03125
16.25 37.03125
16.40625 37.03125
16.5625 37.03125
16.71875 37.03125
16.875 37.03125
17.03125 37.03125
17.1875 37.03125
17.34375 37.03125
17.5 37.03125
17.65625 37.03125
17.8125 37.03125
17.96875 37.03125
18.125 37.03125
18.28125 37.03125
18.4375 37.03125
18.59375 37.03125
18.75 37.03125
18.90625 37.03125
19.0625 37.03125
19.21875 37.03125
19.375 37.03125
19.53125 37.03125
15.46875 36.875
15.625 36.875
15.78125 36.875
15.9375 36.875
16.09375 36.875
16.25 36.875
16.40625 36.875
16.5625 36.875
16.71875 36.875
16.875 36.875
17.03125 36.875
17.1875 36.875
17.34375 36.875
17.5 36.875
17.65625 36.875
17.8125 36.875
17.96875 36.875
18.125 36.875
18.28125 36.875
18.4375 36.875
18.59375 36.875
18.75 36.875
18.90625 36.875
19.0625 36.875
19.21875 36.875
19.375 36.875
19.53125 36.875
15.3125 36.71875
15.46875 36.71875
15.625 36.71875
15.78125 36.71875
15.9375 36.71875
16.09375 36.71875
16.25 36.71875
16.40625 36.71875
16.5625 36.71875
16.71875 36.71875
16.875 36.71875
17.03125 36.71875
17.1875 36.71875
17.34375 36.71875
17.5 36.71875
17.65625 36.71875
17.8125 36.71875
17.96875 36.71875
18.125 36.71875
18.28125 36.71875
18.4375 36.71875
18.59375 36.71875
18.75 36.71875
18.90625 36.71875
19.0625 36.71875
19.21875 36.71875
19.375 36.71875
19.53125 36.71875
15.3125 36.5625
15.46875 36.5625
15.625 36.5625
15.78125 36.5625
15.9375 36.5625
16.09375 36.5625
16.25 36.5625
16.40625 36.5625
16.5625 36.5625
16.71875 36.5625
16.875 36.5625
17.03125 36.5625
17.1875 36.5625
17.34375 36.5625
17.5 36.5625
17.65625 36.5625
17.8125 36.5625
17.96875 36.5625
18.125 36.5625
18.28125 36.5625
18.4375 36.5625
18.59375 36.5625
18.75 36.5625
18.90625 36.5625
19.0625 36.5625
15.3125 36.40625
15.46875 36.40625
15.625 36.40625
15.78125 36.40625
15.9375 36.40625
16.09375 36.40625
16.25 36.40625
16.40625 36.40625
16.5625 36.40625
16.71875 36.40625
16.875 36.40625
17.03125 36.40625
17.1875 36.40625
17.34375 36.40625
17.5 36.40625
17.65625 36.40625
17.8125 36.40625
17.96875 36.40625
18.125 36.40625
18.28125 36.40625
18.4375 36.40625
18.59375 36.40625
18.75 36.40625
18.90625 36.40625
19.0625 36.40625
15.15625 36.25
15.3125 36.25
15.46875 36.25
15.625 36.25
15.78125 36.25
15.9375 36.25
16.09375 36.25
16.25 36.25
16.40625 36.25
16.5625 36.25
16.71875 36.25
16.875 36.25
17.03125 36.25
17.1875 36.25
17.34375 36.25
17.5 36.25
17.65625 36.25
17.8125 36.25
17.96875 36.25
18.125 36.25
18.28125 36.25
18.4375 36.25
18.59375 36.25
18.75 36.25
18.90625 36.25
19.0625 36.25
15.15625 36.09375
15.3125 36.09375
15.46875 36.09375
15.625 36.09375
15.78125 36.09375
15.9375 36.09375
16.09375 36.09375
16.25 36.09375
16.40625 36.09375
16.5625 36.09375
16.71875 36.09375
16.875 36.09375
17.03125 36.09375
17.1875 36.09375
17.34375 36.09375
17.5 36.09375
17.65625 36.09375
17.8125 36.09375
17.96875 36.09375
18.125 36.09375
18.28125 36.09375
18.4375 36.09375
18.59375 36.09375
18.75 36.09375
18.90625 36.09375
19.0625 36.09375
15.0 35.9375
15.15625 35.9375
15.3125 35.9375
15.46875 35.9375
15.625 35.9375
15.78125 35.9375
15.9375 35.9375
16.09375 35.9375
16.25 35.9375
16.40625 35.9375
16.5625 35.9375
16.71875 35.9375
16.875 35.9375
17.03125 35.9375
17.1875 35.9375
17.34375 35.9375
17.5 35.9375
17.65625 35.9375
17.8125 35.9375
17.96875 35.9375
18.125 35.9375
18.28125 35.9375
18.4375 35.9375
18.59375 35.9375
15.0 35.78125
15.15625 35.78125
15.3125 35.78125
15.46875 35.78125
15.625 35.78125
15.78125 35.78125
15.9375 35.78125
16.09375 35.78125
16.25 35.78125
16.40625 35.78125
16.5625 35.78125
16.71875 35.78125
16.875 35.78125
17.03125 35.78125
17.1875 35.78125
17.34375 35.78125
17.5 35.78125
17.65625 35.78125
17.8125 35.78125
17.96875 35.78125
18.125 35.78125
18.28125 35.78125
18.4375 35.78125
18.59375 35.78125
15.0 35.625
15.15625 35.625
15.3125 35.625
15.46875 35.625
15.625 35.625
15.78125 35.625
15.9375 35.625
16.09375 35.625
16.25 35.625
16.40625 35.625
16.5625 35.625
16.71875 35.625
16.875 35.625
17.03125 35.625
17.1875 35.625
17.34375 35.625
17.5 35.625
17.65625 35.625
17.8125 35.625
17.96875 35.625
18.125 35.625
18.28125 35.625
18.4375 35.625
18.59375 35.625
14.84375 35.46875
15.0 35.46875
15.15625 35.46875
15.3125 35.46875
15.46875 35.46875
15.625 35.46875
15.78125 35.46875
15.9375 35.46875
16.09375 35.46875
16.25 35.46875
16.40625 35.46875
16.5625 35.46875
16.71875 35.46875
16.875 35.46875
17.03125 35.46875
17.1875 35.46875
17.34375 35.46875
17.5 35.46875
17.65625 35.46875
17.8125 35.46875
17.96875 35.46875
18.125 35.46875
18.28125 35.46875
14.84375 35.3125
15.0 35.3125
15.15625 35.3125
15.3125 35.3125
15.46875 35.3125
15.625 35.3125
15.78125 35.3125
15.9375 35.3125
16.09375 35.3125
16.25 35.3125
16.40625 35.3125
16.5625 35.3125
16.71875 35.3125
16.875 35.3125
17.03125 35.3125
17.1875 35.3125
17.34375 35.3125
17.5 35.3125
17.65625 35.3125
17.8125 35.3125
17.96875 35.3125
18.125 35.3125
18.28125 35.3125
14.84375 35.15625
15.0 35.15625
15.15625 35.15625
15.3125 35.15625
15.46875 35.15625
15.625 35.15625
15.78125 35.15625
15.9375 35.15625
16.09375 35.15625
16.25 35.15625
16.40625 35.15625
16.5625 35.15625
16.71875 35.15625
16.875 35.15625
17.03125 35.15625
17.1875 35.15625
17.34375 35.15625
17.5 35.15625
17.65625 35.15625
14.6875 35.0
14.84375 35.0
15.0 35.0
15.15625 35.0
15.3125 35.0
15.46875 35.0
15.625 35.0
15.78125 35.0
15.9375 35.0
16.09375 35.0
16.25 35.0
16.40625 35.0
16.5625 35.0
16.71875 35.0
16.875 35.0
17.03125 35.0
17.1875 35.0
17.34375 35.0
17.5 35.0
17.65625 35.0
14.6875 34.84375
14.84375 34.84375
15.0 34.84375
15.15625 34.84375
15.3125 34.84375
15.46875 34.84375
15.625 34.84375
15.78125 34.84375
15.9375 34.84375
16.09375 34.84375
16.25 34.84375
16.40625 34.84375
16.5625 34.84375
16.71875 34.84375
16.875 34.84375
17.03125 34.84375
17.1875 34.84375
17.34375 34.84375
14.53125 34.6875
14.6875 34.6875
14.84375 34.6875
15.0 34.6875
15.15625 34.6875
15.3125 34.6875
15.46875 34.6875
15.625 34.6875
15.78125 34.6875
15.9375 34.6875
16.09375 34.6875
16.25 34.6875
16.40625 34.6875
16.5625 34.6875
16.71875 34.6875
16.875 34.6875
17.03125 34.6875
17.1875 34.6875
17.34375 34.6875
14.53125 34.53125
14.6875 34.53125
14.84375 34.53125
15.0 34.53125
15.15625 34.53125
15.3125 34.53125
15.46875 34.53125
15.625 34.53125
15.78125 34.53125
15.9375 34.53125
16.09375 34.53125
16.25 34.53125
14.53125 34.375
14.6875 34.375
14.84375 34.375
15.0 34.375
15.15625 34.375
15.3125 34.375
15.46875 34.375
15.625 34.375
15.78125 34.375
15.9375 34.375
16.09375 34.375
14.375 34.21875
14.53125 34.21875
14.6875 34.21875
14.84375 34.21875
15.0 34.21875
15.15625 34.21875
15.3125 34.21875
15.46875 34.21875
15.625 34.21875
15.78125 34.21875
15.9375 34.21875
16.09375 34.21875
14.375 34.0625
14.53125 34.0625
14.6875 34.0625
14.84375 34.0625
15.0 34.0625
15.15625 34.0625
15.3125 34.0625
15.46875 34.0625
15.625 34.0625
15.78125 34.0625
14.21875 33.90625
14.375 33.90625
14.53125 33.90625
14.6875 33.90625
14.84375 33.90625
15.0 33.90625
15.15625 33.90625
15.3125 33.90625
15.46875 33.90625
15.625 33.90625
15.78125 33.90625
14.21875 33.75
14.375 33.75
14.53125 33.75
14.6875 33.75
14.84375 33.75
15.0 33.75
15.15625 33.75
15.3125 33.75
15.46875 33.75
15.625 33.75
15.78125 33.75
14.21875 33.59375
14.375 33.59375
14.53125 33.59375
14.6875 33.59375
14.84375 33.59375
15.0 33.59375
14.0625 33.4375
14.21875 33.4375
14.375 33.4375
14.53125 33.4375
14.0625 33.28125
14.21875 33.28125
14.375 33.28125
14.53125 33.28125
14.0625 33.125
14.21875 33.125
14.375 33.125
14.53125 33.125
13.90625 32.96875
14.0625 32.96875
14.21875 32.96875
13.90625 32.8125
14.0625 32.8125
14.21875 32.8125
13.75 32.65625
13.90625 32.65625
13.75 32.5
