-4.21875 36.40625
-4.21875 36.25
-4.21875 36.09375
-4.21875 35.9375
-4.21875 35.78125
-4.21875 35.625
-4.21875 35.46875
-4.21875 35.3125
-4.0625 35.3125
-4.21875 35.15625
-4.0625 35.15625
-4.21875 35.0
-4.0625 35.0
-4.21875 34.84375
-4.0625 34.84375
-4.21875 34.6875
-4.0625 34.6875
-4.21875 34.53125
-4.0625 34.53125
-4.21875 34.375
-4.0625 34.375
-3.90625 34.375
-4.21875 34.21875
-4.0625 34.21875
-3.90625 34.21875
-4.21875 34.0625
-4.0625 34.0625
-3.90625 34.0625
-4.21875 33.90625
-4.0625 33.90625
-3.90625 33.90625
-4.21875 33.75
-4.0625 33.75
-3.90625 33.75
-4.21875 33.59375
-4.0625 33.59375
-3.90625 33.59375
-3.75 33.59375
-4.21875 33.4375
-4.0625 33.4375
-3.90625 33.4375
-3.75 33.4375
-4.21875 33.28125
-4.0625 33.28125
-3.90625 33.28125
-3.75 33.28125
-4.21875 33.125
-4.0625 33.125
-3.90625 33.125
-3.75 33.125
-4.21875 32.96875
-4.0625 32.96875
-3.90625 32.96875
-3.75 32.96875
-4.21875 32.8125
-4.0625 32.8125
-3.90625 32.8125
-3.75 32.8125
-4.21875 32.65625
-4.0625 32.65625
-3.90625 32.65625
-3.75 32.65625
-4.21875 32.5
-4.0625 32.5
-3.90625 32.5
-3.75 32.5
-3.59375 32.5
-4.21875 32.34375
-4.0625 32.34375
-3.90625 32.34375
-3.75 32.34375
-3.59375 32.34375
-4.21875 32.1875
-4.0625 32.1875
-3.90625 32.1875
-3.75 32.1875
-3.59375 32.1875
-4.21875 32.03125
-4.0625 32.03125
-3.90625 32.03125
-3.75 32.03125
-3.59375 32.03125
-4.21875 31.875
-4.0625 31.875
-3.90625 31.875
-3.75 31.875
-3.59375 31.875
-4.21875 31.71875
-4.0625 31.71875
-3.90625 31.71875
-3.75 31.71875
-3.59375 31.71875
-4.21875 31.5625
-4.0625 31.5625
-3.90625 31.5625
-3.75 31.5625
-3.59375 31.5625
-4.21875 31.40625
-4.0625 31.40625
-3.90625 31.40625
-3.75 31.40625
-3.59375 31.40625
-4.21875 31.25
-4.0625 31.25
-3.90625 31.25
-3.75 31.25
-3.59375 31.25
-4.21875 31.09375
-4.0625 31.09375
-3.90625 31.09375
-3.75 31.09375
-3.59375 31.09375
-4.21875 30.9375
-4.0625 30.9375
-3.90625 30.9375
-3.75 30.9375
-3.59375 30.9375
-4.21875 30.78125
-4.0625 30.78125
-3.90625 30.78125
-3.75 30.78125
-3.59375 30.78125
-4.21875 30.625
-4.0625 30.625
-3.90625 30.625
-3.75 30.625
-3.59375 30.625
-4.21875 30.46875
-4.0625 30.46875
-3.90625 30.46875
-3.75 30.46875
-3.59375 30.46875
-4.21875 30.3125
-4.0625 30.3125
-3.90625 30.3125
-3.75 30.3125
-3.59375 30.3125
-4.21875 30.15625
-4.0625 30.15625
-3.90625 30.15625
-3.75 30.15625
-3.59375 30.15625
-4.21875 30.0
-4.0625 30.0
-3.90625 30.0
-3.75 30.0
-3.59375 30.0
-4.21875 29.84375
-4.0625 29.84375
-3.90625 29.84375
-3.75 29.84375
-3.59375 29.84375
-4.21875 29.6875
-4.0625 29.6875
-3.90625 29.6875
-3.75 29.6875
-3.59375 29.6875
-4.21875 29.53125
-4.0625 29.53125
-3.90625 29.53125
-3.75 29.53125
-3.59375 29.53125
-4.21875 29.375
-4.0625 29.375
-3.90625 29.375
-3.75 29.375
-3.59375 29.375
-4.21875 29.21875
-4.0625 29.21875
-3.90625 29.21875
-3.75 29.21875
-3.59375 29.21875
-4.21875 29.0625
-4.0625 29.0625
-3.90625 29.0625
-3.75 29.0625
-3.59375 29.0625
-4.21875 28.90625
-4.0625 28.90625
-3.90625 28.90625
-3.75 28.90625
-3.59375 28.90625
-4.21875 28.75
-4.0625 28.75
-3.90625 28.75
-3.75 28.75
-3.59375 28.75
-4.21875 28.59375
-4.0625 28.59375
-3.90625 28.59375
-3.75 28.59375
-3.59375 28.59375
-4.21875 28.4375
-4.0625 28.4375
-3.90625 28.4375
-3.75 28.4375
-3.59375 28.4375
-4.21875 28.28125
-4.0625 28.28125
-3.90625 28.28125
-3.75 28.28125
-3.59375 28.28125
-4.21875 28.125
-4.0625 28.125
-3.90625 28.125
-3.75 28.125
-3.59375 28.125
-4.21875 27.96875
-4.0625 27.96875
-3.90625 27.96875
-3.75 27.96875
-3.59375 27.96875
-4.21875 27.8125
-4.0625 27.8125
-3.90625 27.8125
-3.75 27.8125
-3.59375 27.8125
-4.21875 27.65625
-4.0625 27.65625
-3.90625 27.65625
-3.75 27.65625
-3.59375 27.65625
-4.21875 27.5
-4.0625 27.5
-3.90625 27.5
-3.75 27.5
-3.59375 27.5
-4.21875 27.34375
-4.0625 27.34375
-3.90625 27.34375
-3.75 27.34375
-3.59375 27.34375
-4.21875 27.1875
-4.0625 27.1875
-3.90625 27.1875
-3.75 27.1875
-3.59375 27.1875
-4.21875 27.03125
-4.0625 27.03125
-3.90625 27.03125
-3.75 27.03125
-3.59375 27.03125
-4.21875 26.875
-4.0625 26.875
-3.90625 26.875
-3.75 26.875
-3.59375 26.875
-4.21875 26.71875
-4.0625 26.71875
-3.90625 26.71875
-3.75 26.71875
-3.59375 26.71875
-4.21875 26.5625
-4.0625 26.5625
-3.90625 26.5625
-3.75 26.5625
-3.59375 26.5625
-4.21875 26.40625
-4.0625 26.40625
-3.90625 26.40625
-3.75 26.40625
-3.59375 26.40625
-4.21875 26.25
-4.0625 26.25
-3.90625 26.25
-3.75 26.25
-3.59375 26.25
-4.21875 26.09375
-4.0625 26.09375
-3.90625 26.09375
-3.75 26.09375
-3.59375 26.09375
-4.21875 25.9375
-4.0625 25.9375
-3.90625 25.9375
-3.75 25.9375
-3.59375 25.9375
-4.21875 25.78125
-4.0625 25.78125
-3.90625 25.78125
-3.75 25.78125
-3.59375 25.78125
-4.21875 25.625
-4.0625 25.625
-3.90625 25.625
-3.75 25.625
-3.59375 25.625
-4.21875 25.46875
-4.0625 25.46875
-3.90625 25.46875
-3.75 25.46875
-3.59375 25.46875
-4.21875 25.3125
-4.0625 25.3125
-3.90625 25.3125
-3.75 25.3125
-3.59375 25.3125
-4.21875 25.15625
-4.0625 25.15625
-3.90625 25.15625
-3.75 25.15625
-3.59375 25.15625
-4.21875 25.0
-4.0625 25.0
-3.90625 25.0
-3.75 25.0
-3.59375 25.0
-4.21875 24.84375
-4.0625 24.84375
-3.90625 24.84375
-3.75 24.84375
-3.59375 24.84375
-4.21875 24.6875
-4.0625 24.6875
-3.90625 24.6875
-3.75 24.6875
-3.59375 24.6875
-4.21875 24.53125
-4.0625 24.53125
-3.90625 24.53125
-3.75 24.53125
-3.59375 24.53125
-4.21875 24.375
-4.0625 24.375
-3.90625 24.375
-3.75 24.375
-3.59375 24.375
-4.21875 24.21875
-4.0625 24.21875
-3.90625 24.21875
-3.75 24.21875
-3.59375 24.21875
-4.21875 24.0625
-4.0625 24.0625
-3.90625 24.0625
-3.75 24.0625
-3.59375 24.0625
-4.21875 23.90625
-4.0625 23.90625
-3.90625 23.90625
-3.75 23.90625
-3.59375 23.90625
-4.21875 23.75
-4.0625 23.75
-3.90625 23.75
-3.75 23.75
-3.59375 23.75
-4.21875 23.59375
-4.0625 23.59375
-3.90625 23.59375
-3.75 23.59375
-3.59375 23.59375
-4.21875 23.4375
-4.0625 23.4375
-3.90625 23.4375
-3.75 23.4375
-3.59375 23.4375
-4.21875 23.28125
-4.0625 23.28125
-3.90625 23.28125
-3.75 23.28125
-3.59375 23.28125
-4.21875 23.125
-4.0625 23.125
-3.90625 23.125
-3.75 23.125
-3.59375 23.125
-4.21875 22.96875
-4.0625 22.96875
-3.90625 22.96875
-3.75 22.96875
-3.59375 22.96875
-4.21875 22.8125
-4.0625 22.8125
-3.90625 22.8125
-3.75 22.8125
-3.59375 22.8125
-4.21875 22.65625
-4.0625 22.65625
-3.90625 22.65625
-3.75 22.65625
-3.59375 22.65625
-4.21875 22.5
-4.0625 22.5
-3.90625 22.5
-3.75 22.5
-3.59375 22.5
-4.21875 22.34375
-4.0625 22.34375
-3.90625 22.34375
-3.75 22.34375
-3.59375 22.34375
-4.21875 22.1875
-4.0625 22.1875
-3.90625 22.1875
-3.75 22.1875
-3.59375 22.1875
-4.21875 22.03125
-4.0625 22.03125
-3.90625 22.03125
-3.75 22.03125
-3.59375 22.03125
-4.21875 21.875
-4.0625 21.875
-3.90625 21.875
-3.75 21.875
-3.59375 21.875
-4.21875 21.71875
-4.0625 21.71875
-3.90625 21.71875
-3.75 21.71875
-3.59375 21.71875
-4.21875 21.5625
-4.0625 21.5625
-3.90625 21.5625
-3.75 21.5625
-3.59375 21.5625
-4.21875 21.40625
-4.0625 21.40625
-3.90625 21.40625
-3.75 21.40625
-3.59375 21.40625
-4.21875 21.25
-4.0625 21.25
-3.90625 21.25
-3.75 21.25
-3.59375 21.25
-4.21875 21.09375
-4.0625 21.09375
-3.90625 21.09375
-3.75 21.09375
-3.59375 21.09375
-4.21875 20.9375
-4.0625 20.9375
-3.90625 20.9375
-3.75 20.9375
-3.59375 20.9375
-4.21875 20.78125
-4.0625 20.78125
-3.90625 20.78125
-3.75 20.78125
-3.59375 20.78125
-4.21875 20.625
-4.0625 20.625
-3.90625 20.625
-3.75 20.625
-3.59375 20.625
-4.21875 20.46875
-4.0625 20.46875
-3.90625 20.46875
-3.75 20.46875
-3.59375 20.46875
-4.21875 20.3125
-4.0625 20.3125
-3.90625 20.3125
-3.75 20.3125
-3.59375 20.3125
-4.21875 20.15625
-4.0625 20.15625
-3.90625 20.15625
-3.75 20.15625
-3.59375 20.15625
-4.21875 20.0
-4.0625 20.0
-3.90625 20.0
-3.75 20.0
-3.59375 20.0
-4.21875 19.84375
-4.0625 19.84375
-3.90625 19.84375
-3.75 19.84375
-3.59375 19.84375
-4.21875 19.6875
-4.0625 19.6875
-3.90625 19.6875
-3.75 19.6875
-3.59375 19.6875
-4.21875 19.53125
-4.0625 19.53125
-3.90625 19.53125
-3.75 19.53125
-3.59375 19.53125
-4.21875 19.375
-4.0625 19.375
-3.90625 19.375
-3.75 19.375
-3.59375 19.375
-4.21875 19.21875
-4.0625 19.21875
-3.90625 19.21875
-3.75 19.21875
-3.59375 19.21875
-4.21875 19.0625
-4.0625 19.0625
-3.90625 19.0625
-3.75 19.0625
-3.59375 19.0625
-4.21875 18.90625
-4.0625 18.90625
-3.90625 18.90625
-3.75 18.90625
-3.59375 18.90625
-4.21875 18.75
-4.0625 18.75
-3.90625 18.75
-3.75 18.75
-3.59375 18.75
-4.21875 18.59375
-4.0625 18.59375
-3.90625 18.59375
-3.75 18.59375
-3.59375 18.59375
-4.21875 18.4375
-4.0625 18.4375
-3.90625 18.4375
-3.75 18.4375
-3.59375 18.4375
-4.21875 18.28125
-4.0625 18.28125
-3.90625 18.28125
-3.75 18.28125
-3.59375 18.28125
-4.21875 18.125
-4.0625 18.125
-3.90625 18.125
-3.75 18.125
-3.59375 18.125
-4.21875 17.96875
-4.0625 17.96875
-3.90625 17.96875
-3.75 17.96875
-3.59375 17.96875
-4.21875 17.8125
-4.0625 17.8125
-3.90625 17.8125
-3.75 17.8125
-3.59375 17.8125
-4.21875 17.65625
-4.0625 17.65625
-3.90625 17.65625
-3.75 17.65625
-3.59375 17.65625
-4.21875 17.5
-4.0625 17.5
-3.90625 17.5
-3.75 17.5
-3.59375 17.5
-4.21875 17.34375
-4.0625 17.34375
-3.90625 17.34375
-3.75 17.34375
-3.59375 17.34375
-4.21875 17.1875
-4.0625 17.1875
-3.90625 17.1875
-3.75 17.1875
-3.59375 17.1875
-4.21875 17.03125
-4.0625 17.03125
-3.90625 17.03125
-3.75 17.03125
-3.59375 17.03125
-4.21875 16.875
-4.0625 16.875
-3.90625 16.875
-3.75 16.875
-3.59375 16.875
-4.21875 16.71875
-4.0625 16.71875
-3.90625 16.71875
-3.75 16.71875
-3.59375 16.71875
-4.21875 16.5625
-4.0625 16.5625
-3.90625 16.5625
-3.75 16.5625
-3.59375 16.5625
-4.21875 16.40625
-4.0625 16.40625
-3.90625 16.40625
-3.75 16.40625
-3.59375 16.40625
-4.21875 16.25
-4.0625 16.25
-3.90625 16.25
-3.75 16.25
-3.59375 16.25
-4.21875 16.09375
-4.0625 16.09375
-3.90625 16.09375
-3.75 16.09375
-3.59375 16.09375
-4.21875 15.9375
-4.0625 15.9375
-3.90625 15.9375
-3.75 15.9375
-3.59375 15.9375
-4.21875 15.78125
-4.0625 15.78125
-3.90625 15.78125
-3.75 15.78125
-3.59375 15.78125
-4.21875 15.625
-4.0625 15.625
-3.90625 15.625
-3.75 15.625
-3.59375 15.625
-4.21875 15.46875
-4.0625 15.46875
-3.90625 15.46875
-3.75 15.46875
-3.59375 15.46875
-4.21875 15.3125
-4.0625 15.3125
-3.90625 15.3125
-3.75 15.3125
-3.59375 15.3125
-4.21875 15.15625
-4.0625 15.15625
-3.90625 15.15625
-3.75 15.15625
-3.59375 15.15625
-4.21875 15.0
-4.0625 15.0
-3.90625 15.0
-3.75 15.0
-3.59375 15.0
-4.21875 14.84375
-4.0625 14.84375
-3.90625 14.84375
-3.75 14.84375
-3.59375 14.84375
-4.21875 14.6875
-4.0625 14.6875
-3.90625 14.6875
-3.75 14.6875
-3.59375 14.6875
-4.21875 14.53125
-4.0625 14.53125
-3.90625 14.53125
-3.75 14.53125
-3.59375 14.53125
-4.21875 14.375
-4.0625 14.375
-3.90625 14.375
-3.75 14.375
-3.59375 14.375
-4.21875 14.21875
-4.0625 14.21875
-3.90625 14.21875
-3.75 14.21875
-3.59375 14.21875
-4.21875 14.0625
-4.0625 14.0625
-3.90625 14.0625
-3.75 14.0625
-3.59375 14.0625
-4.21875 13.90625
-4.0625 13.90625
-3.90625 13.90625
-3.75 13.90625
-3.59375 13.90625
-4.21875 13.75
-4.0625 13.75
-3.90625 13.75
-3.75 13.75
-3.59375 13.75
-4.21875 13.59375
-4.0625 13.59375
-3.90625 13.59375
-3.75 13.59375
-3.59375 13.59375
-4.21875 13.4375
-4.0625 13.4375
-3.90625 13.4375
-3.75 13.4375
-3.59375 13.4375
-4.21875 13.28125
-4.0625 13.28125
-3.90625 13.28125
-3.75 13.28125
-3.59375 13.28125
-4.21875 13.125
-4.0625 13.125
-3.90625 13.125
-3.75 13.125
-3.59375 13.125
-4.21875 12.96875
-4.0625 12.96875
-3.90625 12.96875
-3.75 12.96875
-3.59375 12.96875
-4.21875 12.8125
-4.0625 12.8125
-3.90625 12.8125
-3.75 12.8125
-3.59375 12.8125
-4.21875 12.65625
-4.0625 12.65625
-3.90625 12.65625
-3.75 12.65625
-3.59375 12.65625
-4.21875 12.5
-4.0625 12.5
-3.90625 12.5
-3.75 12.5
-3.59375 12.5
-4.21875 12.34375
-4.0625 12.34375
-3.90625 12.34375
-3.75 12.34375
-3.59375 12.34375
-4.21875 12.1875
-4.0625 12.1875
-3.90625 12.1875
-3.75 12.1875
-3.59375 12.1875
-4.21875 12.03125
-4.0625 12.03125
-3.90625 12.03125
-3.75 12.03125
-3.59375 12.03125
-4.21875 11.875
-4.0625 11.875
-3.90625 11.875
-3.75 11.875
-3.59375 11.875
-4.21875 11.71875
-4.0625 11.71875
-3.90625 11.71875
-3.75 11.71875
-3.59375 11.71875
-4.21875 11.5625
-4.0625 11.5625
-3.90625 11.5625
-3.75 11.5625
-3.59375 11.5625
-4.21875 11.40625
-4.0625 11.40625
-3.90625 11.40625
-3.75 11.40625
-3.59375 11.40625
-4.21875 11.25
-4.0625 11.25
-3.90625 11.25
-3.75 11.25
-3.59375 11.25
-4.21875 11.09375
-4.0625 11.09375
-3.90625 11.09375
-3.75 11.09375
-3.59375 11.09375
-4.21875 10.9375
-4.0625 10.9375
-3.90625 10.9375
-3.75 10.9375
-3.59375 10.9375
-4.21875 10.78125
-4.0625 10.78125
-3.90625 10.78125
-3.75 10.78125
-3.59375 10.78125
-4.21875 10.625
-4.0625 10.625
-3.90625 10.625
-3.75 10.625
-3.59375 10.625
-4.21875 10.46875
-4.0625 10.46875
-3.90625 10.46875
-3.75 10.46875
-3.59375 10.46875
-4.21875 10.3125
-4.0625 10.3125
-3.90625 10.3125
-3.75 10.3125
-3.59375 10.3125
-4.21875 10.15625
-4.0625 10.15625
-3.90625 10.15625
-3.75 10.15625
-3.59375 10.15625
-4.21875 10.0
-4.0625 10.0
-3.90625 10.0
-3.75 10.0
-3.59375 10.0
-4.21875 9.84375
-4.0625 9.84375
-3.90625 9.84375
-3.75 9.84375
-3.59375 9.84375
-4.21875 9.6875
-4.0625 9.6875
-3.90625 9.6875
-3.75 9.6875
-3.59375 9.6875
-4.21875 9.53125
-4.0625 9.53125
-3.90625 9.53125
-3.75 9.53125
-3.59375 9.53125
-4.21875 9.375
-4.0625 9.375
-3.90625 9.375
-3.75 9.375
-3.59375 9.375
-4.21875 9.21875
-4.0625 9.21875
-3.90625 9.21875
-3.75 9.21875
-3.59375 9.21875
-4.21875 9.0625
-4.0625 9.0625
-3.90625 9.0625
-3.75 9.0625
-3.59375 9.0625
-4.21875 8.90625
-4.0625 8.90625
-3.90625 8.90625
-3.75 8.90625
-3.59375 8.90625
-4.21875 8.75
-4.0625 8.75
-3.90625 8.75
-3.75 8.75
-3.59375 8.75
-4.21875 8.59375
-4.0625 8.59375
-3.90625 8.59375
-3.75 8.59375
-3.59375 8.59375
-4.21875 8.4375
-4.0625 8.4375
-3.90625 8.4375
-3.75 8.4375
-3.59375 8.4375
-4.21875 8.28125
-4.0625 8.28125
-3.90625 8.28125
-3.75 8.28125
-3.59375 8.28125
-4.21875 8.125
-4.0625 8.125
-3.90625 8.125
-3.75 8.125
-3.59375 8.125
-4.21875 7.96875
-4.0625 7.96875
-3.90625 7.96875
-3.75 7.96875
-3.59375 7.96875
-4.21875 7.8125
-4.0625 7.8125
-3.90625 7.8125
-3.75 7.8125
-3.59375 7.8125
-4.21875 7.65625
-4.0625 7.65625
-3.90625 7.65625
-3.75 7.65625
-3.59375 7.65625
-4.21875 7.5
-4.0625 7.5
-3.90625 7.5
-3.75 7.5
-3.59375 7.5
-4.21875 7.34375
-4.0625 7.34375
-3.90625 7.34375
-3.75 7.34375
-3.59375 7.34375
-4.21875 7.1875
-4.0625 7.1875
-3.90625 7.1875
-3.75 7.1875
-3.59375 7.1875
-4.21875 7.03125
-4.0625 7.03125
-3.90625 7.03125
-3.75 7.03125
-3.59375 7.03125
-4.21875 6.875
-4.0625 6.875
-3.90625 6.875
-3.75 6.875
-3.59375 6.875
-4.21875 6.71875
-4.0625 6.71875
-3.90625 6.71875
-3.75 6.71875
-3.59375 6.71875
-4.21875 6.5625
-4.0625 6.5625
-3.90625 6.5625
-3.75 6.5625
-3.59375 6.5625
-4.21875 6.40625
-4.0625 6.40625
-3.90625 6.40625
-3.75 6.40625
-3.59375 6.40625
-4.21875 6.25
-4.0625 6.25
-3.90625 6.25
-3.75 6.25
-3.59375 6.25
-4.21875 6.09375
-4.0625 6.09375
-3.90625 6.09375
-3.75 6.09375
-3.59375 6.09375
-4.21875 5.9375
-4.0625 5.9375
-3.90625 5.9375
-3.75 5.9375
-3.59375 5.9375
-4.21875 5.78125
-4.0625 5.78125
-3.90625 5.78125
-3.75 5.78125
-3.59375 5.78125
-4.21875 5.625
-4.0625 5.625
-3.90625 5.625
-3.75 5.625
-3.59375 5.625
-4.21875 5.46875
-4.0625 5.46875
-3.90625 5.46875
-3.75 5.46875
-3.59375 5.46875
-4.21875 5.3125
-4.0625 5.3125
-3.90625 5.3125
-3.75 5.3125
-3.59375 5.3125
-4.21875 5.15625
-4.0625 5.15625
-3.90625 5.15625
-3.75 5.15625
-3.59375 5.15625
-4.21875 5.0
-4.0625 5.0
-3.90625 5.0
-3.75 5.0
-3.59375 5.0
-4.21875 4.84375
-4.0625 4.84375
-3.90625 4.84375
-3.75 4.84375
-3.59375 4.84375
-4.21875 4.6875
-4.0625 4.6875
-3.90625 4.6875
-3.75 4.6875
-3.59375 4.6875
-4.21875 4.53125
-4.0625 4.53125
-3.90625 4.53125
-3.75 4.53125
-3.59375 4.53125
-4.21875 4.375
-4.0625 4.375
-3.90625 4.375
-3.75 4.375
-3.59375 4.375
-4.21875 4.21875
-4.0625 4.21875
-3.90625 4.21875
-3.75 4.21875
-3.59375 4.21875
-4.21875 4.0625
-4.0625 4.0625
-3.90625 4.0625
-3.75 4.0625
-3.59375 4.0625
-4.21875 3.90625
-4.0625 3.90625
-3.90625 3.90625
-3.75 3.90625
-3.59375 3.90625
-4.21875 3.75
-4.0625 3.75
-3.90625 3.75
-3.75 3.75
-3.59375 3.75
-4.21875 3.59375
-4.0625 3.59375
-3.90625 3.59375
-3.75 3.59375
-3.59375 3.59375
-4.21875 3.4375
-4.0625 3.4375
-3.90625 3.4375
-3.75 3.4375
-3.59375 3.4375
-4.21875 3.28125
-4.0625 3.28125
-3.90625 3.28125
-3.75 3.28125
-3.59375 3.28125
-4.21875 3.125
-4.0625 3.125
-3.90625 3.125
-3.75 3.125
-3.59375 3.125
-4.21875 2.96875
-4.0625 2.96875
-3.90625 2.96875
-3.75 2.96875
-3.59375 2.96875
-4.21875 2.8125
-4.0625 2.8125
-3.90625 2.8125
-3.75 2.8125
-3.59375 2.8125
-4.21875 2.65625
-4.0625 2.65625
-3.90625 2.65625
-3.75 2.65625
-3.59375 2.65625
-4.21875 2.5
-4.0625 2.5
-3.90625 2.5
-3.75 2.5
-3.59375 2.5
-4.21875 2.34375
-4.0625 2.34375
-3.90625 2.34375
-3.75 2.34375
-3.59375 2.34375
-4.21875 2.1875
-4.0625 2.1875
-3.90625 2.1875
-3.75 2.1875
-3.59375 2.1875
-4.21875 2.03125
-4.0625 2.03125
-3.90625 2.03125
-3.75 2.03125
-3.59375 2.03125
-4.21875 1.875
-4.0625 1.875
-3.90625 1.875
-3.75 1.875
-3.59375 1.875
-4.21875 1.71875
-4.0625 1.71875
-3.90625 1.71875
-3.75 1.71875
-3.59375 1.71875
-4.21875 1.5625
-4.0625 1.5625
-3.90625 1.5625
-3.75 1.5625
-3.59375 1.5625
-4.21875 1.40625
-4.0625 1.40625
-3.90625 1.40625
-3.75 1.40625
-3.59375 1.40625
-4.21875 1.25
-4.0625 1.25
-3.90625 1.25
-3.75 1.25
-3.59375 1.25
-4.21875 1.09375
-4.0625 1.09375
-3.90625 1.09375
-3.75 1.09375
-3.59375 1.09375
-4.21875 0.9375
-4.0625 0.9375
-3.90625 0.9375
-3.75 0.9375
-3.59375 0.9375
-4.21875 0.78125
-4.0625 0.78125
-3.90625 0.78125
-3.75 0.78125
-3.59375 0.78125
-4.21875 0.625
-4.0625 0.625
-3.90625 0.625
-3.75 0.625
-3.59375 0.625
-4.21875 0.46875
-4.0625 0.46875
-3.90625 0.46875
-3.75 0.46875
-3.59375 0.46875
-4.21875 0.3125
-4.0625 0.3125
-3.90625 0.3125
-3.75 0.3125
-3.59375 0.3125
-4.21875 0.15625
-4.0625 0.15625
-3.90625 0.15625
-3.75 0.15625
-3.59375 0.15625
-4.21875 0.0
-4.0625 0.0
-3.90625 0.0
-3.75 0.0
-3.59375 0.0
