2.03125 39.84375
2.1875 39.84375
2.34375 39.84375
2.5 39.84375
2.65625 39.84375
2.8125 39.84375
2.96875 39.84375
3.125 39.84375
3.28125 39.84375
3.4375 39.84375
3.59375 39.84375
3.75 39.84375
3.90625 39.84375
4.0625 39.84375
4.21875 39.84375
4.375 39.84375
4.53125 39.84375
4.6875 39.84375
4.84375 39.84375
5.0 39.84375
5.15625 39.84375
5.3125 39.84375
5.46875 39.84375
5.625 39.84375
5.78125 39.84375
5.9375 39.84375
6.09375 39.84375
6.25 39.84375
6.40625 39.84375
6.5625 39.84375
6.71875 39.84375
6.875 39.84375
7.03125 39.84375
7.1875 39.84375
7.34375 39.84375
2.03125 39.6875
2.1875 39.6875
2.34375 39.6875
2.5 39.6875
2.65625 39.6875
2.8125 39.6875
2.96875 39.6875
3.125 39.6875
3.28125 39.6875
3.4375 39.6875
3.59375 39.6875
3.75 39.6875
3.90625 39.6875
4.0625 39.6875
4.21875 39.6875
4.375 39.6875
4.53125 39.6875
4.6875 39.6875
4.84375 39.6875
5.0 39.6875
5.15625 39.6875
5.3125 39.6875
5.46875 39.6875
5.625 39.6875
5.78125 39.6875
5.9375 39.6875
6.09375 39.6875
6.25 39.6875
6.40625 39.6875
6.5625 39.6875
6.71875 39.6875
6.875 39.6875
7.03125 39.6875
7.1875 39.6875
7.34375 39.6875
2.03125 39.53125
2.1875 39.53125
2.34375 39.53125
2.5 39.53125
2.65625 39.53125
2.8125 39.53125
2.96875 39.53125
3.125 39.53125
3.28125 39.53125
3.4375 39.53125
3.59375 39.53125
3.75 39.53125
3.90625 39.53125
4.0625 39.53125
4.21875 39.53125
4.375 39.53125
4.53125 39.53125
4.6875 39.53125
4.84375 39.53125
5.0 39.53125
5.15625 39.53125
5.3125 39.53125
5.46875 39.53125
5.625 39.53125
5.78125 39.53125
5.9375 39.53125
6.09375 39.53125
6.25 39.53125
6.40625 39.53125
6.5625 39.53125
6.71875 39.53125
6.875 39.53125
7.03125 39.53125
7.1875 39.53125
7.34375 39.53125
2.03125 39.375
2.1875 39.375
2.34375 39.375
2.5 39.375
2.65625 39.375
2.8125 39.375
2.96875 39.375
3.125 39.375
3.28125 39.375
3.4375 39.375
3.59375 39.375
3.75 39.375
3.90625 39.375
4.0625 39.375
4.21875 39.375
4.375 39.375
4.53125 39.375
4.6875 39.375
4.84375 39.375
5.0 39.375
5.15625 39.375
5.3125 39.375
5.46875 39.375
5.625 39.375
5.78125 39.375
5.9375 39.375
6.09375 39.375
6.25 39.375
6.40625 39.375
6.5625 39.375
6.71875 39.375
6.875 39.375
7.03125 39.375
7.1875 39.375
7.34375 39.375
2.03125 39.21875
2.1875 39.21875
2.34375 39.21875
2.5 39.21875
2.65625 39.21875
2.8125 39.21875
2.96875 39.21875
3.125 39.21875
3.28125 39.21875
3.4375 39.21875
3.59375 39.21875
3.75 39.21875
3.90625 39.21875
4.0625 39.21875
4.21875 39.21875
4.375 39.21875
4.53125 39.21875
4.6875 39.21875
4.84375 39.21875
5.0 39.21875
5.15625 39.21875
5.3125 39.21875
5.46875 39.21875
5.625 39.21875
5.78125 39.21875
5.9375 39.21875
6.09375 39.21875
6.25 39.21875
6.40625 39.21875
6.5625 39.21875
6.71875 39.21875
6.875 39.21875
7.03125 39.21875
7.1875 39.21875
7.34375 39.21875
2.03125 39.0625
2.1875 39.0625
2.34375 39.0625
2.5 39.0625
2.65625 39.0625
2.8125 39.0625
2.96875 39.0625
3.125 39.0625
3.28125 39.0625
3.4375 39.0625
3.59375 39.0625
3.75 39.0625
3.90625 39.0625
4.0625 39.0625
4.21875 39.0625
4.375 39.0625
4.53125 39.0625
4.6875 39.0625
4.84375 39.0625
5.0 39.0625
5.15625 39.0625
5.3125 39.0625
5.46875 39.0625
5.625 39.0625
5.78125 39.0625
5.9375 39.0625
6.09375 39.0625
6.25 39.0625
6.40625 39.0625
6.5625 39.0625
6.71875 39.0625
6.875 39.0625
7.03125 39.0625
7.1875 39.0625
7.34375 39.0625
2.03125 38.90625
2.1875 38.90625
2.34375 38.90625
2.5 38.90625
2.65625 38.90625
2.8125 38.90625
2.96875 38.90625
3.125 38.90625
3.28125 38.90625
3.4375 38.90625
3.59375 38.90625
3.75 38.90625
3.90625 38.90625
4.0625 38.90625
4.21875 38.90625
4.375 38.90625
4.53125 38.90625
4.6875 38.90625
4.84375 38.90625
5.0 38.90625
5.15625 38.90625
5.3125 38.90625
5.46875 38.90625
5.625 38.90625
5.78125 38.90625
5.9375 38.90625
6.09375 38.90625
6.25 38.90625
6.40625 38.90625
6.5625 38.90625
6.71875 38.90625
6.875 38.90625
7.03125 38.90625
7.1875 38.90625
7.34375 38.90625
2.03125 38.75
2.1875 38.75
2.34375 38.75
2.5 38.75
2.65625 38.75
2.8125 38.75
2.96875 38.75
3.125 38.75
3.28125 38.75
3.4375 38.75
3.59375 38.75
3.75 38.75
3.90625 38.75
4.0625 38.75
4.21875 38.75
4.375 38.75
4.53125 38.75
4.6875 38.75
4.84375 38.75
5.0 38.75
5.15625 38.75
5.3125 38.75
5.46875 38.75
5.625 38.75
5.78125 38.75
5.9375 38.75
6.09375 38.75
6.25 38.75
6.40625 38.75
6.5625 38.75
6.71875 38.75
6.875 38.75
7.03125 38.75
7.1875 38.75
7.34375 38.75
2.03125 38.59375
2.1875 38.59375
2.34375 38.59375
2.5 38.59375
2.65625 38.59375
2.8125 38.59375
2.96875 38.59375
3.125 38.59375
3.28125 38.59375
3.4375 38.59375
3.59375 38.59375
3.75 38.59375
3.90625 38.59375
4.0625 38.59375
4.21875 38.59375
4.375 38.59375
4.53125 38.59375
4.6875 38.59375
4.84375 38.59375
5.0 38.59375
5.15625 38.59375
5.3125 38.59375
5.46875 38.59375
5.625 38.59375
5.78125 38.59375
5.9375 38.59375
6.09375 38.59375
6.25 38.59375
6.40625 38.59375
6.5625 38.59375
6.71875 38.59375
6.875 38.59375
7.03125 38.59375
7.1875 38.59375
7.34375 38.59375
2.03125 38.4375
2.1875 38.4375
2.34375 38.4375
2.5 38.4375
2.65625 38.4375
2.8125 38.4375
2.96875 38.4375
3.125 38.4375
3.28125 38.4375
3.4375 38.4375
3.59375 38.4375
3.75 38.4375
3.90625 38.4375
4.0625 38.4375
4.21875 38.4375
4.375 38.4375
4.53125 38.4375
4.6875 38.4375
4.84375 38.4375
5.0 38.4375
5.15625 38.4375
5.3125 38.4375
5.46875 38.4375
5.625 38.4375
5.78125 38.4375
5.9375 38.4375
6.09375 38.4375
6.25 38.4375
6.40625 38.4375
6.5625 38.4375
6.71875 38.4375
6.875 38.4375
7.03125 38.4375
7.1875 38.4375
7.34375 38.4375
2.03125 38.28125
2.1875 38.28125
2.34375 38.28125
2.5 38.28125
2.65625 38.28125
2.8125 38.28125
2.96875 38.28125
3.125 38.28125
3.28125 38.28125
3.4375 38.28125
3.59375 38.28125
3.75 38.28125
3.90625 38.28125
4.0625 38.28125
4.21875 38.28125
4.375 38.28125
4.53125 38.28125
4.6875 38.28125
4.84375 38.28125
5.0 38.28125
5.15625 38.28125
5.3125 38.28125
5.46875 38.28125
5.625 38.28125
5.78125 38.28125
5.9375 38.28125
6.09375 38.28125
6.25 38.28125
6.40625 38.28125
6.5625 38.28125
6.71875 38.28125
6.875 38.28125
7.03125 38.28125
7.1875 38.28125
7.34375 38.28125
2.03125 38.125
2.1875 38.125
2.34375 38.125
2.5 38.125
2.65625 38.125
2.8125 38.125
2.96875 38.125
3.125 38.125
3.28125 38.125
3.4375 38.125
3.59375 38.125
3.75 38.125
3.90625 38.125
4.0625 38.125
4.21875 38.125
4.375 38.125
4.53125 38.125
4.6875 38.125
4.84375 38.125
5.0 38.125
5.15625 38.125
5.3125 38.125
5.46875 38.125
5.625 38.125
5.78125 38.125
5.9375 38.125
6.09375 38.125
6.25 38.125
6.40625 38.125
6.5625 38.125
6.71875 38.125
6.875 38.125
7.03125 38.125
7.1875 38.125
7.34375 38.125
2.03125 37.96875
2.1875 37.96875
2.34375 37.96875
2.5 37.96875
2.65625 37.96875
2.8125 37.96875
2.96875 37.96875
3.125 37.96875
3.28125 37.96875
3.4375 37.96875
3.59375 37.96875
3.75 37.96875
3.90625 37.96875
4.0625 37.96875
4.21875 37.96875
4.375 37.96875
4.53125 37.96875
4.6875 37.96875
4.84375 37.96875
5.0 37.96875
5.15625 37.96875
5.3125 37.96875
5.46875 37.96875
5.625 37.96875
5.78125 37.96875
5.9375 37.96875
6.09375 37.96875
6.25 37.96875
6.40625 37.96875
6.5625 37.96875
6.71875 37.96875
6.875 37.96875
7.03125 37.96875
7.1875 37.96875
7.34375 37.96875
2.03125 37.8125
2.1875 37.8125
2.34375 37.8125
2.5 37.8125
2.65625 37.8125
2.8125 37.8125
2.96875 37.8125
3.125 37.8125
3.28125 37.8125
3.4375 37.8125
3.59375 37.8125
3.75 37.8125
3.90625 37.8125
4.0625 37.8125
4.21875 37.8125
4.375 37.8125
4.53125 37.8125
4.6875 37.8125
4.84375 37.8125
5.0 37.8125
5.15625 37.8125
5.3125 37.8125
5.46875 37.8125
5.625 37.8125
5.78125 37.8125
5.9375 37.8125
6.09375 37.8125
6.25 37.8125
6.40625 37.8125
6.5625 37.8125
6.71875 37.8125
6.875 37.8125
7.03125 37.8125
7.1875 37.8125
7.34375 37.8125
7.5 37.8125
2.03125 37.65625
2.1875 37.65625
2.34375 37.65625
2.5 37.65625
2.65625 37.65625
2.8125 37.65625
2.96875 37.65625
3.125 37.65625
3.28125 37.65625
3.4375 37.65625
3.59375 37.65625
3.75 37.65625
3.90625 37.65625
4.0625 37.65625
4.21875 37.65625
4.375 37.65625
4.53125 37.65625
4.6875 37.65625
4.84375 37.65625
5.0 37.65625
5.15625 37.65625
5.3125 37.65625
5.46875 37.65625
5.625 37.65625
5.78125 37.65625
5.9375 37.65625
6.09375 37.65625
6.25 37.65625
6.40625 37.65625
6.5625 37.65625
6.71875 37.65625
6.875 37.65625
7.03125 37.65625
7.1875 37.65625
7.34375 37.65625
7.5 37.65625
2.03125 37.5
2.1875 37.5
2.34375 37.5
2.5 37.5
2.65625 37.5
2.8125 37.5
2.96875 37.5
3.125 37.5
3.28125 37.5
3.4375 37.5
3.59375 37.5
3.75 37.5
3.90625 37.5
4.0625 37.5
4.21875 37.5
4.375 37.5
4.53125 37.5
4.6875 37.5
4.84375 37.5
5.0 37.5
5.15625 37.5
5.3125 37.5
5.46875 37.5
5.625 37.5
5.78125 37.5
5.9375 37.5
6.09375 37.5
6.25 37.5
6.40625 37.5
6.5625 37.5
6.71875 37.5
6.875 37.5
7.03125 37.5
7.1875 37.5
7.34375 37.5
7.5 37.5
2.03125 37.34375
2.1875 37.34375
2.34375 37.34375
2.5 37.34375
2.65625 37.34375
2.8125 37.34375
2.96875 37.34375
3.125 37.34375
3.28125 37.34375
3.4375 37.34375
3.59375 37.34375
3.75 37.34375
3.90625 37.34375
4.0625 37.34375
4.21875 37.34375
4.375 37.34375
4.53125 37.34375
4.6875 37.34375
4.84375 37.34375
5.0 37.34375
5.15625 37.34375
5.3125 37.34375
5.46875 37.34375
5.625 37.34375
5.78125 37.34375
5.9375 37.34375
6.09375 37.34375
6.25 37.34375
6.40625 37.34375
6.5625 37.34375
6.71875 37.34375
6.875 37.34375
7.03125 37.34375
7.1875 37.34375
7.34375 37.34375
7.5 37.34375
2.03125 37.1875
2.1875 37.1875
2.34375 37.1875
2.5 37.1875
2.65625 37.1875
2.8125 37.1875
2.96875 37.1875
3.125 37.1875
3.28125 37.1875
3.4375 37.1875
3.59375 37.1875
3.75 37.1875
3.90625 37.1875
4.0625 37.1875
4.21875 37.1875
4.375 37.1875
4.53125 37.1875
4.6875 37.1875
4.84375 37.1875
5.0 37.1875
5.15625 37.1875
5.3125 37.1875
5.46875 37.1875
5.625 37.1875
5.78125 37.1875
5.9375 37.1875
6.09375 37.1875
6.25 37.1875
6.40625 37.1875
6.5625 37.1875
6.71875 37.1875
6.875 37.1875
7.03125 37.1875
7.1875 37.1875
7.34375 37.1875
7.5 37.1875
2.03125 37.03125
2.1875 37.03125
2.34375 37.03125
2.5 37.03125
2.65625 37.03125
2.8125 37.03125
2.96875 37.03125
3.125 37.03125
3.28125 37.03125
3.4375 37.03125
3.59375 37.03125
3.75 37.03125
3.90625 37.03125
4.0625 37.03125
4.21875 37.03125
4.375 37.03125
4.53125 37.03125
4.6875 37.03125
4.84375 37.03125
5.0 37.03125
5.15625 37.03125
5.3125 37.03125
5.46875 37.03125
5.625 37.03125
5.78125 37.03125
5.9375 37.03125
6.09375 37.03125
6.25 37.03125
6.40625 37.03125
6.5625 37.03125
6.71875 37.03125
6.875 37.03125
7.03125 37.03125
7.1875 37.03125
7.34375 37.03125
7.5 37.03125
2.03125 36.875
2.1875 36.875
2.34375 36.875
2.5 36.875
2.65625 36.875
2.8125 36.875
2.96875 36.875
3.125 36.875
3.28125 36.875
3.4375 36.875
3.59375 36.875
3.75 36.875
3.90625 36.875
4.0625 36.875
4.21875 36.875
4.375 36.875
4.53125 36.875
4.6875 36.875
4.84375 36.875
5.0 36.875
5.15625 36.875
5.3125 36.875
5.46875 36.875
5.625 36.875
5.78125 36.875
5.9375 36.875
6.09375 36.875
6.25 36.875
6.40625 36.875
6.5625 36.875
6.71875 36.875
6.875 36.875
7.03125 36.875
7.1875 36.875
7.34375 36.875
7.5 36.875
2.03125 36.71875
2.1875 36.71875
2.34375 36.71875
2.5 36.71875
2.65625 36.71875
2.8125 36.71875
2.96875 36.71875
3.125 36.71875
3.28125 36.71875
3.4375 36.71875
3.59375 36.71875
3.75 36.71875
3.90625 36.71875
4.0625 36.71875
4.21875 36.71875
4.375 36.71875
4.53125 36.71875
4.6875 36.71875
4.84375 36.71875
5.0 36.71875
5.15625 36.71875
5.3125 36.71875
5.46875 36.71875
5.625 36.71875
5.78125 36.71875
5.9375 36.71875
6.09375 36.71875
6.25 36.71875
6.40625 36.71875
6.5625 36.71875
6.71875 36.71875
6.875 36.71875
7.03125 36.71875
7.1875 36.71875
7.34375 36.71875
7.5 36.71875
2.03125 36.5625
2.1875 36.5625
2.34375 36.5625
2.5 36.5625
2.65625 36.5625
2.8125 36.5625
2.96875 36.5625
3.125 36.5625
3.28125 36.5625
3.4375 36.5625
3.59375 36.5625
3.75 36.5625
3.90625 36.5625
4.0625 36.5625
4.21875 36.5625
4.375 36.5625
4.53125 36.5625
4.6875 36.5625
4.84375 36.5625
5.0 36.5625
5.15625 36.5625
5.3125 36.5625
5.46875 36.5625
5.625 36.5625
5.78125 36.5625
5.9375 36.5625
6.09375 36.5625
6.25 36.5625
6.40625 36.5625
6.5625 36.5625
6.71875 36.5625
6.875 36.5625
7.03125 36.5625
7.1875 36.5625
7.34375 36.5625
7.5 36.5625
2.03125 36.40625
2.1875 36.40625
2.34375 36.40625
2.5 36.40625
2.65625 36.40625
2.8125 36.40625
2.96875 36.40625
3.125 36.40625
3.28125 36.40625
3.4375 36.40625
3.59375 36.40625
3.75 36.40625
3.90625 36.40625
4.0625 36.40625
4.21875 36.40625
4.375 36.40625
4.53125 36.40625
4.6875 36.40625
4.84375 36.40625
5.0 36.40625
5.15625 36.40625
5.3125 36.40625
5.46875 36.40625
5.625 36.40625
5.78125 36.40625
5.9375 36.40625
6.09375 36.40625
6.25 36.40625
6.40625 36.40625
6.5625 36.40625
6.71875 36.40625
6.875 36.40625
7.03125 36.40625
7.1875 36.40625
7.34375 36.40625
7.5 36.40625
2.03125 36.25
2.1875 36.25
2.34375 36.25
2.5 36.25
2.65625 36.25
2.8125 36.25
2.96875 36.25
3.125 36.25
3.28125 36.25
3.4375 36.25
3.59375 36.25
3.75 36.25
3.90625 36.25
4.0625 36.25
4.21875 36.25
4.375 36.25
4.53125 36.25
4.6875 36.25
4.84375 36.25
5.0 36.25
5.15625 36.25
5.3125 36.25
5.46875 36.25
5.625 36.25
5.78125 36.25
5.9375 36.25
6.09375 36.25
6.25 36.25
6.40625 36.25
6.5625 36.25
6.71875 36.25
6.875 36.25
7.03125 36.25
7.1875 36.25
7.34375 36.25
7.5 36.25
2.03125 36.09375
2.1875 36.09375
2.34375 36.09375
2.5 36.09375
2.65625 36.09375
2.8125 36.09375
2.96875 36.09375
3.125 36.09375
3.28125 36.09375
3.4375 36.09375
3.59375 36.09375
3.75 36.09375
3.90625 36.09375
4.0625 36.09375
4.21875 36.09375
4.375 36.09375
4.53125 36.09375
4.6875 36.09375
4.84375 36.09375
5.0 36.09375
5.15625 36.09375
5.3125 36.09375
5.46875 36.09375
5.625 36.09375
5.78125 36.09375
5.9375 36.09375
6.09375 36.09375
6.25 36.09375
6.40625 36.09375
6.5625 36.09375
6.71875 36.09375
6.875 36.09375
7.03125 36.09375
7.1875 36.09375
7.34375 36.09375
7.5 36.09375
7.65625 36.09375
7.8125 36.09375
2.03125 35.9375
2.1875 35.9375
2.34375 35.9375
2.5 35.9375
2.65625 35.9375
2.8125 35.9375
2.96875 35.9375
3.125 35.9375
3.28125 35.9375
3.4375 35.9375
3.59375 35.9375
3.75 35.9375
3.90625 35.9375
4.0625 35.9375
4.21875 35.9375
4.375 35.9375
4.53125 35.9375
4.6875 35.9375
4.84375 35.9375
5.0 35.9375
5.15625 35.9375
5.3125 35.9375
5.46875 35.9375
5.625 35.9375
5.78125 35.9375
5.9375 35.9375
6.09375 35.9375
6.25 35.9375
6.40625 35.9375
6.5625 35.9375
6.71875 35.9375
6.875 35.9375
7.03125 35.9375
7.1875 35.9375
7.34375 35.9375
7.5 35.9375
7.65625 35.9375
7.8125 35.9375
7.96875 35.9375
2.03125 35.78125
2.1875 35.78125
2.34375 35.78125
2.5 35.78125
2.65625 35.78125
2.8125 35.78125
2.96875 35.78125
3.125 35.78125
3.28125 35.78125
3.4375 35.78125
3.59375 35.78125
3.75 35.78125
3.90625 35.78125
4.0625 35.78125
4.21875 35.78125
4.375 35.78125
4.53125 35.78125
4.6875 35.78125
4.84375 35.78125
5.0 35.78125
5.15625 35.78125
5.3125 35.78125
5.46875 35.78125
5.625 35.78125
5.78125 35.78125
5.9375 35.78125
6.09375 35.78125
6.25 35.78125
6.40625 35.78125
6.5625 35.78125
6.71875 35.78125
6.875 35.78125
7.03125 35.78125
7.1875 35.78125
7.34375 35.78125
7.5 35.78125
7.65625 35.78125
7.8125 35.78125
7.96875 35.78125
2.03125 35.625
2.1875 35.625
2.34375 35.625
2.5 35.625
2.65625 35.625
2.8125 35.625
2.96875 35.625
3.125 35.625
3.28125 35.625
3.4375 35.625
3.59375 35.625
3.75 35.625
3.90625 35.625
4.0625 35.625
4.21875 35.625
4.375 35.625
4.53125 35.625
4.6875 35.625
4.84375 35.625
5.0 35.625
5.15625 35.625
5.3125 35.625
5.46875 35.625
5.625 35.625
5.78125 35.625
5.9375 35.625
6.09375 35.625
6.25 35.625
6.40625 35.625
6.5625 35.625
6.71875 35.625
6.875 35.625
7.03125 35.625
7.1875 35.625
7.34375 35.625
7.5 35.625
7.65625 35.625
7.8125 35.625
7.96875 35.625
2.03125 35.46875
2.1875 35.46875
2.34375 35.46875
2.5 35.46875
2.65625 35.46875
2.8125 35.46875
2.96875 35.46875
3.125 35.46875
3.28125 35.46875
3.4375 35.46875
3.59375 35.46875
3.75 35.46875
3.90625 35.46875
4.0625 35.46875
4.21875 35.46875
4.375 35.46875
4.53125 35.46875
4.6875 35.46875
4.84375 35.46875
5.0 35.46875
5.15625 35.46875
5.3125 35.46875
5.46875 35.46875
5.625 35.46875
5.78125 35.46875
5.9375 35.46875
6.09375 35.46875
6.25 35.46875
6.40625 35.46875
6.5625 35.46875
6.71875 35.46875
6.875 35.46875
7.03125 35.46875
7.1875 35.46875
7.34375 35.46875
7.5 35.46875
7.65625 35.46875
7.8125 35.46875
7.96875 35.46875
2.03125 35.3125
2.1875 35.3125
2.34375 35.3125
2.5 35.3125
2.65625 35.3125
2.8125 35.3125
2.96875 35.3125
3.125 35.3125
3.28125 35.3125
3.4375 35.3125
3.59375 35.3125
3.75 35.3125
3.90625 35.3125
4.0625 35.3125
4.21875 35.3125
4.375 35.3125
4.53125 35.3125
4.6875 35.3125
4.84375 35.3125
5.0 35.3125
5.15625 35.3125
5.3125 35.3125
5.46875 35.3125
5.625 35.3125
5.78125 35.3125
5.9375 35.3125
6.09375 35.3125
6.25 35.3125
6.40625 35.3125
6.5625 35.3125
6.71875 35.3125
6.875 35.3125
7.03125 35.3125
7.1875 35.3125
7.34375 35.3125
7.5 35.3125
7.65625 35.3125
7.8125 35.3125
7.96875 35.3125
2.03125 35.15625
2.1875 35.15625
2.34375 35.15625
2.5 35.15625
2.65625 35.15625
2.8125 35.15625
2.96875 35.15625
3.125 35.15625
3.28125 35.15625
3.4375 35.15625
3.59375 35.15625
3.75 35.15625
3.90625 35.15625
4.0625 35.15625
4.21875 35.15625
4.375 35.15625
4.53125 35.15625
4.6875 35.15625
4.84375 35.15625
5.0 35.15625
5.15625 35.15625
5.3125 35.15625
5.46875 35.15625
5.625 35.15625
5.78125 35.15625
5.9375 35.15625
6.09375 35.15625
6.25 35.15625
6.40625 35.15625
6.5625 35.15625
6.71875 35.15625
6.875 35.15625
7.03125 35.15625
7.1875 35.15625
7.34375 35.15625
7.5 35.15625
7.65625 35.15625
7.8125 35.15625
7.96875 35.15625
2.03125 35.0
2.1875 35.0
2.34375 35.0
2.5 35.0
2.65625 35.0
2.8125 35.0
2.96875 35.0
3.125 35.0
3.28125 35.0
3.4375 35.0
3.59375 35.0
3.75 35.0
3.90625 35.0
4.0625 35.0
4.21875 35.0
4.375 35.0
4.53125 35.0
4.6875 35.0
4.84375 35.0
5.0 35.0
5.15625 35.0
5.3125 35.0
5.46875 35.0
5.625 35.0
5.78125 35.0
5.9375 35.0
6.09375 35.0
6.25 35.0
6.40625 35.0
6.5625 35.0
6.71875 35.0
6.875 35.0
7.03125 35.0
7.1875 35.0
7.34375 35.0
7.5 35.0
7.65625 35.0
7.8125 35.0
7.96875 35.0
2.03125 34.84375
2.1875 34.84375
2.34375 34.84375
2.5 34.84375
2.65625 34.84375
2.8125 34.84375
2.96875 34.84375
3.125 34.84375
3.28125 34.84375
3.4375 34.84375
3.59375 34.84375
3.75 34.84375
3.90625 34.84375
4.0625 34.84375
4.21875 34.84375
4.375 34.84375
4.53125 34.84375
4.6875 34.84375
4.84375 34.84375
5.0 34.84375
5.15625 34.84375
5.3125 34.84375
5.46875 34.84375
5.625 34.84375
5.78125 34.84375
5.9375 34.84375
6.09375 34.84375
6.25 34.84375
6.40625 34.84375
6.5625 34.84375
6.71875 34.84375
6.875 34.84375
7.03125 34.84375
7.1875 34.84375
7.34375 34.84375
7.5 34.84375
7.65625 34.84375
7.8125 34.84375
7.96875 34.84375
2.03125 34.6875
2.1875 34.6875
2.34375 34.6875
2.5 34.6875
2.65625 34.6875
2.8125 34.6875
2.96875 34.6875
3.125 34.6875
3.28125 34.6875
3.4375 34.6875
3.59375 34.6875
3.75 34.6875
3.90625 34.6875
4.0625 34.6875
4.21875 34.6875
4.375 34.6875
4.53125 34.6875
4.6875 34.6875
4.84375 34.6875
5.0 34.6875
5.15625 34.6875
5.3125 34.6875
5.46875 34.6875
5.625 34.6875
5.78125 34.6875
5.9375 34.6875
6.09375 34.6875
6.25 34.6875
6.40625 34.6875
6.5625 34.6875
6.71875 34.6875
6.875 34.6875
7.03125 34.6875
7.1875 34.6875
7.34375 34.6875
7.5 34.6875
7.65625 34.6875
7.8125 34.6875
7.96875 34.6875
2.03125 34.53125
2.1875 34.53125
2.34375 34.53125
2.5 34.53125
2.65625 34.53125
2.8125 34.53125
2.96875 34.53125
3.125 34.53125
3.28125 34.53125
3.4375 34.53125
3.59375 34.53125
3.75 34.53125
3.90625 34.53125
4.0625 34.53125
4.21875 34.53125
4.375 34.53125
4.53125 34.53125
4.6875 34.53125
4.84375 34.53125
5.0 34.53125
5.15625 34.53125
5.3125 34.53125
5.46875 34.53125
5.625 34.53125
5.78125 34.53125
5.9375 34.53125
6.09375 34.53125
6.25 34.53125
6.40625 34.53125
6.5625 34.53125
6.71875 34.53125
6.875 34.53125
7.03125 34.53125
7.1875 34.53125
7.34375 34.53125
7.5 34.53125
7.65625 34.53125
7.8125 34.53125
7.96875 34.53125
2.03125 34.375
2.1875 34.375
2.34375 34.375
2.5 34.375
2.65625 34.375
2.8125 34.375
2.96875 34.375
3.125 34.375
3.28125 34.375
3.4375 34.375
3.59375 34.375
3.75 34.375
3.90625 34.375
4.0625 34.375
4.21875 34.375
4.375 34.375
4.53125 34.375
4.6875 34.375
4.84375 34.375
5.0 34.375
5.15625 34.375
5.3125 34.375
5.46875 34.375
5.625 34.375
5.78125 34.375
5.9375 34.375
6.09375 34.375
6.25 34.375
6.40625 34.375
6.5625 34.375
6.71875 34.375
6.875 34.375
7.03125 34.375
7.1875 34.375
7.34375 34.375
7.5 34.375
7.65625 34.375
7.8125 34.375
7.96875 34.375
2.03125 34.21875
2.1875 34.21875
2.34375 34.21875
2.5 34.21875
2.65625 34.21875
2.8125 34.21875
2.96875 34.21875
3.125 34.21875
3.28125 34.21875
3.4375 34.21875
3.59375 34.21875
3.75 34.21875
3.90625 34.21875
4.0625 34.21875
4.21875 34.21875
4.375 34.21875
4.53125 34.21875
4.6875 34.21875
4.84375 34.21875
5.0 34.21875
5.15625 34.21875
5.3125 34.21875
5.46875 34.21875
5.625 34.21875
5.78125 34.21875
5.9375 34.21875
6.09375 34.21875
6.25 34.21875
6.40625 34.21875
6.5625 34.21875
6.71875 34.21875
6.875 34.21875
7.03125 34.21875
7.1875 34.21875
7.34375 34.21875
2.03125 34.0625
2.1875 34.0625
2.34375 34.0625
2.5 34.0625
2.65625 34.0625
2.8125 34.0625
2.96875 34.0625
3.125 34.0625
3.28125 34.0625
3.4375 34.0625
3.59375 34.0625
3.75 34.0625
3.90625 34.0625
4.0625 34.0625
4.21875 34.0625
4.375 34.0625
4.53125 34.0625
4.6875 34.0625
4.84375 34.0625
5.0 34.0625
5.15625 34.0625
5.3125 34.0625
5.46875 34.0625
5.625 34.0625
5.78125 34.0625
5.9375 34.0625
6.09375 34.0625
6.25 34.0625
6.40625 34.0625
6.5625 34.0625
6.71875 34.0625
6.875 34.0625
7.03125 34.0625
2.03125 33.90625
2.1875 33.90625
2.34375 33.90625
2.5 33.90625
2.65625 33.90625
2.8125 33.90625
2.96875 33.90625
3.125 33.90625
3.28125 33.90625
3.4375 33.90625
3.59375 33.90625
3.75 33.90625
3.90625 33.90625
4.0625 33.90625
4.21875 33.90625
4.375 33.90625
4.53125 33.90625
4.6875 33.90625
4.84375 33.90625
5.0 33.90625
5.15625 33.90625
5.3125 33.90625
5.46875 33.90625
5.625 33.90625
5.78125 33.90625
5.9375 33.90625
6.09375 33.90625
6.25 33.90625
6.40625 33.90625
6.5625 33.90625
6.71875 33.90625
6.875 33.90625
7.03125 33.90625
2.03125 33.75
2.1875 33.75
2.34375 33.75
2.5 33.75
2.65625 33.75
2.8125 33.75
2.96875 33.75
3.125 33.75
3.28125 33.75
3.4375 33.75
3.59375 33.75
3.75 33.75
3.90625 33.75
4.0625 33.75
4.21875 33.75
4.375 33.75
4.53125 33.75
4.6875 33.75
4.84375 33.75
5.0 33.75
5.15625 33.75
5.3125 33.75
5.46875 33.75
5.625 33.75
5.78125 33.75
5.9375 33.75
6.09375 33.75
6.25 33.75
6.40625 33.75
6.5625 33.75
6.71875 33.75
2.03125 33.59375
2.1875 33.59375
2.34375 33.59375
2.5 33.59375
2.65625 33.59375
2.8125 33.59375
2.96875 33.59375
3.125 33.59375
3.28125 33.59375
3.4375 33.59375
3.59375 33.59375
3.75 33.59375
3.90625 33.59375
4.0625 33.59375
4.21875 33.59375
4.375 33.59375
4.53125 33.59375
4.6875 33.59375
4.84375 33.59375
5.0 33.59375
5.15625 33.59375
5.3125 33.59375
5.46875 33.59375
5.625 33.59375
5.78125 33.59375
5.9375 33.59375
6.09375 33.59375
6.25 33.59375
6.40625 33.59375
6.5625 33.59375
6.71875 33.59375
2.03125 33.4375
2.1875 33.4375
2.34375 33.4375
2.5 33.4375
2.65625 33.4375
2.8125 33.4375
2.96875 33.4375
3.125 33.4375
3.28125 33.4375
3.4375 33.4375
3.59375 33.4375
3.75 33.4375
3.90625 33.4375
4.0625 33.4375
4.21875 33.4375
4.375 33.4375
4.53125 33.4375
4.6875 33.4375
4.84375 33.4375
5.0 33.4375
5.15625 33.4375
5.3125 33.4375
5.46875 33.4375
5.625 33.4375
5.78125 33.4375
5.9375 33.4375
6.09375 33.4375
6.25 33.4375
6.40625 33.4375
6.5625 33.4375
6.71875 33.4375
2.03125 33.28125
2.1875 33.28125
2.34375 33.28125
2.5 33.28125
2.65625 33.28125
2.8125 33.28125
2.96875 33.28125
3.125 33.28125
3.28125 33.28125
3.4375 33.28125
3.59375 33.28125
3.75 33.28125
3.90625 33.28125
4.0625 33.28125
4.21875 33.28125
4.375 33.28125
4.53125 33.28125
4.6875 33.28125
4.84375 33.28125
5.0 33.28125
5.15625 33.28125
5.3125 33.28125
5.46875 33.28125
5.625 33.28125
5.78125 33.28125
5.9375 33.28125
6.09375 33.28125
6.25 33.28125
6.40625 33.28125
6.5625 33.28125
6.71875 33.28125
2.03125 33.125
2.1875 33.125
2.34375 33.125
2.5 33.125
2.65625 33.125
2.8125 33.125
2.96875 33.125
3.125 33.125
3.28125 33.125
3.4375 33.125
3.59375 33.125
3.75 33.125
3.90625 33.125
4.0625 33.125
4.21875 33.125
4.375 33.125
4.53125 33.125
4.6875 33.125
4.84375 33.125
5.0 33.125
5.15625 33.125
5.3125 33.125
5.46875 33.125
5.625 33.125
5.78125 33.125
5.9375 33.125
6.09375 33.125
2.03125 32.96875
2.1875 32.96875
2.34375 32.96875
2.5 32.96875
2.65625 32.96875
2.8125 32.96875
2.96875 32.96875
3.125 32.96875
3.28125 32.96875
3.4375 32.96875
3.59375 32.96875
3.75 32.96875
3.90625 32.96875
4.0625 32.96875
4.21875 32.96875
4.375 32.96875
4.53125 32.96875
4.6875 32.96875
4.84375 32.96875
5.0 32.96875
5.15625 32.96875
5.3125 32.96875
5.46875 32.96875
5.625 32.96875
5.78125 32.96875
5.9375 32.96875
6.09375 32.96875
2.03125 32.8125
2.1875 32.8125
2.34375 32.8125
2.5 32.8125
2.65625 32.8125
2.8125 32.8125
2.96875 32.8125
3.125 32.8125
3.28125 32.8125
3.4375 32.8125
3.59375 32.8125
3.75 32.8125
3.90625 32.8125
4.0625 32.8125
4.21875 32.8125
4.375 32.8125
4.53125 32.8125
4.6875 32.8125
4.84375 32.8125
5.0 32.8125
5.15625 32.8125
5.3125 32.8125
5.46875 32.8125
5.625 32.8125
5.78125 32.8125
5.9375 32.8125
6.09375 32.8125
2.03125 32.65625
2.1875 32.65625
2.34375 32.65625
2.5 32.65625
2.65625 32.65625
2.8125 32.65625
2.96875 32.65625
3.125 32.65625
3.28125 32.65625
3.4375 32.65625
3.59375 32.65625
3.75 32.65625
3.90625 32.65625
4.0625 32.65625
4.21875 32.65625
4.375 32.65625
4.53125 32.65625
4.6875 32.65625
4.84375 32.65625
5.0 32.65625
5.15625 32.65625
5.3125 32.65625
5.46875 32.65625
5.625 32.65625
5.78125 32.65625
5.9375 32.65625
6.09375 32.65625
2.03125 32.5
2.1875 32.5
2.34375 32.5
2.5 32.5
2.65625 32.5
2.8125 32.5
2.96875 32.5
3.125 32.5
3.28125 32.5
3.4375 32.5
3.59375 32.5
3.75 32.5
3.90625 32.5
4.0625 32.5
4.21875 32.5
4.375 32.5
4.53125 32.5
4.6875 32.5
4.84375 32.5
5.0 32.5
5.15625 32.5
5.3125 32.5
5.46875 32.5
5.625 32.5
2.03125 32.34375
2.1875 32.34375
2.34375 32.34375
2.5 32.34375
2.65625 32.34375
2.8125 32.34375
2.96875 32.34375
3.125 32.34375
3.28125 32.34375
3.4375 32.34375
3.59375 32.34375
3.75 32.34375
3.90625 32.34375
4.0625 32.34375
4.21875 32.34375
4.375 32.34375
4.53125 32.34375
4.6875 32.34375
4.84375 32.34375
5.0 32.34375
5.15625 32.34375
5.3125 32.34375
5.46875 32.34375
5.625 32.34375
2.03125 32.1875
2.1875 32.1875
2.34375 32.1875
2.5 32.1875
2.65625 32.1875
2.8125 32.1875
2.96875 32.1875
3.125 32.1875
3.28125 32.1875
3.4375 32.1875
3.59375 32.1875
3.75 32.1875
3.90625 32.1875
4.0625 32.1875
4.21875 32.1875
4.375 32.1875
4.53125 32.1875
4.6875 32.1875
4.84375 32.1875
5.0 32.1875
5.15625 32.1875
5.3125 32.1875
2.03125 32.03125
2.1875 32.03125
2.34375 32.03125
2.5 32.03125
2.65625 32.03125
2.8125 32.03125
2.96875 32.03125
3.125 32.03125
3.28125 32.03125
3.4375 32.03125
3.59375 32.03125
3.75 32.03125
3.90625 32.03125
4.0625 32.03125
4.21875 32.03125
4.375 32.03125
4.53125 32.03125
4.6875 32.03125
4.84375 32.03125
5.0 32.03125
2.03125 31.875
2.1875 31.875
2.34375 31.875
2.5 31.875
2.65625 31.875
2.8125 31.875
2.96875 31.875
3.125 31.875
3.28125 31.875
3.4375 31.875
3.59375 31.875
3.75 31.875
3.90625 31.875
4.0625 31.875
4.21875 31.875
4.375 31.875
4.53125 31.875
2.03125 31.71875
2.1875 31.71875
2.34375 31.71875
2.5 31.71875
2.65625 31.71875
2.8125 31.71875
2.96875 31.71875
3.125 31.71875
3.28125 31.71875
3.4375 31.71875
3.59375 31.71875
3.75 31.71875
3.90625 31.71875
4.0625 31.71875
4.21875 31.71875
4.375 31.71875
4.53125 31.71875
2.03125 31.5625
2.1875 31.5625
2.34375 31.5625
2.5 31.5625
2.65625 31.5625
2.8125 31.5625
2.96875 31.5625
3.125 31.5625
3.28125 31.5625
3.4375 31.5625
3.59375 31.5625
3.75 31.5625
3.90625 31.5625
4.0625 31.5625
4.21875 31.5625
4.375 31.5625
2.03125 31.40625
2.1875 31.40625
2.34375 31.40625
2.5 31.40625
2.65625 31.40625
2.8125 31.40625
2.96875 31.40625
3.125 31.40625
3.28125 31.40625
3.4375 31.40625
3.59375 31.40625
3.75 31.40625
3.90625 31.40625
4.0625 31.40625
4.21875 31.40625
4.375 31.40625
2.03125 31.25
2.1875 31.25
2.34375 31.25
2.5 31.25
2.65625 31.25
2.8125 31.25
2.96875 31.25
3.125 31.25
3.28125 31.25
3.4375 31.25
3.59375 31.25
3.75 31.25
3.90625 31.25
4.0625 31.25
4.21875 31.25
2.03125 31.09375
2.1875 31.09375
2.34375 31.09375
2.5 31.09375
2.65625 31.09375
2.8125 31.09375
2.96875 31.09375
3.125 31.09375
3.28125 31.09375
3.4375 31.09375
3.59375 31.09375
3.75 31.09375
3.90625 31.09375
2.03125 30.9375
2.1875 30.9375
2.34375 30.9375
2.5 30.9375
2.65625 30.9375
2.8125 30.9375
2.96875 30.9375
3.125 30.9375
3.28125 30.9375
3.4375 30.9375
3.59375 30.9375
3.75 30.9375
3.90625 30.9375
2.03125 30.78125
2.1875 30.78125
2.34375 30.78125
2.5 30.78125
2.65625 30.78125
2.8125 30.78125
2.96875 30.78125
3.125 30.78125
3.28125 30.78125
3.4375 30.78125
3.59375 30.78125
3.75 30.78125
3.90625 30.78125
2.03125 30.625
2.1875 30.625
2.34375 30.625
2.5 30.625
2.65625 30.625
2.8125 30.625
2.96875 30.625
3.125 30.625
3.28125 30.625
3.4375 30.625
3.59375 30.625
3.75 30.625
3.90625 30.625
2.03125 30.46875
2.1875 30.46875
2.34375 30.46875
2.5 30.46875
2.65625 30.46875
2.8125 30.46875
2.96875 30.46875
3.125 30.46875
3.28125 30.46875
3.4375 30.46875
3.59375 30.46875
3.75 30.46875
3.90625 30.46875
2.03125 30.3125
2.1875 30.3125
2.34375 30.3125
2.5 30.3125
2.65625 30.3125
2.8125 30.3125
2.96875 30.3125
3.125 30.3125
3.28125 30.3125
3.4375 30.3125
3.59375 30.3125
3.75 30.3125
3.90625 30.3125
2.03125 30.15625
2.1875 30.15625
2.34375 30.15625
2.5 30.15625
2.65625 30.15625
2.8125 30.15625
2.96875 30.15625
3.125 30.15625
3.28125 30.15625
3.4375 30.15625
3.59375 30.15625
3.75 30.15625
3.90625 30.15625
2.03125 30.0
2.1875 30.0
2.34375 30.0
2.5 30.0
2.65625 30.0
2.8125 30.0
2.96875 30.0
3.125 30.0
2.03125 29.84375
2.1875 29.84375
2.34375 29.84375
2.5 29.84375
2.65625 29.84375
2.8125 29.84375
2.96875 29.84375
2.03125 29.6875
2.1875 29.6875
2.34375 29.6875
2.5 29.6875
2.65625 29.6875
2.8125 29.6875
2.96875 29.6875
2.03125 29.53125
2.1875 29.53125
2.34375 29.53125
2.5 29.53125
2.65625 29.53125
2.8125 29.53125
2.03125 29.375
2.1875 29.375
2.34375 29.375
2.5 29.375
2.65625 29.375
2.8125 29.375
2.03125 29.21875
2.1875 29.21875
2.34375 29.21875
2.5 29.21875
2.65625 29.21875
2.03125 29.0625
2.1875 29.0625
2.34375 29.0625
2.03125 28.90625
2.1875 28.90625
2.34375 28.90625
2.03125 28.75
2.1875 28.75
2.34375 28.75
2.03125 28.59375
2.1875 28.59375
2.03125 28.4375
2.1875 28.4375
2.03125 28.28125
2.1875 28.28125
2.03125 28.125
2.03125 27.96875
2.03125 27.8125
2.03125 27.65625
2.03125 27.5
