5.15625 7.34375
4.84375 7.1875
5.0 7.1875
4.6875 7.03125
4.84375 7.03125
4.375 6.875
4.53125 6.875
4.6875 6.875
4.0625 6.71875
4.21875 6.71875
4.375 6.71875
4.53125 6.71875
4.6875 6.71875
3.75 6.5625
3.90625 6.5625
4.0625 6.5625
4.21875 6.5625
4.375 6.5625
3.4375 6.40625
3.59375 6.40625
3.75 6.40625
3.90625 6.40625
4.0625 6.40625
4.21875 6.40625
3.125 6.25
3.28125 6.25
3.4375 6.25
3.59375 6.25
3.75 6.25
3.90625 6.25
4.0625 6.25
4.21875 6.25
2.8125 6.09375
2.96875 6.09375
3.125 6.09375
3.28125 6.09375
3.4375 6.09375
3.59375 6.09375
3.75 6.09375
3.90625 6.09375
2.5 5.9375
2.65625 5.9375
2.8125 5.9375
2.96875 5.9375
3.125 5.9375
3.28125 5.9375
3.4375 5.9375
3.59375 5.9375
3.75 5.9375
3.90625 5.9375
2.1875 5.78125
2.34375 5.78125
2.5 5.78125
2.65625 5.78125
2.8125 5.78125
2.96875 5.78125
3.125 5.78125
3.28125 5.78125
3.4375 5.78125
3.59375 5.78125
3.75 5.78125
3.90625 5.78125
2.03125 5.625
2.1875 5.625
2.34375 5.625
2.5 5.625
2.65625 5.625
2.8125 5.625
2.96875 5.625
3.125 5.625
3.28125 5.625
3.4375 5.625
3.59375 5.625
1.71875 5.46875
1.875 5.46875
2.03125 5.46875
2.1875 5.46875
2.34375 5.46875
2.5 5.46875
2.65625 5.46875
2.8125 5.46875
2.96875 5.46875
3.125 5.46875
3.28125 5.46875
3.4375 5.46875
3.59375 5.46875
1.40625 5.3125
1.5625 5.3125
1.71875 5.3125
1.875 5.3125
2.03125 5.3125
2.1875 5.3125
2.34375 5.3125
2.5 5.3125
2.65625 5.3125
2.8125 5.3125
2.96875 5.3125
3.125 5.3125
3.28125 5.3125
3.4375 5.3125
1.09375 5.15625
1.25 5.15625
1.40625 5.15625
1.5625 5.15625
1.71875 5.15625
1.875 5.15625
2.03125 5.15625
2.1875 5.15625
2.34375 5.15625
2.5 5.15625
2.65625 5.15625
2.8125 5.15625
2.96875 5.15625
3.125 5.15625
3.28125 5.15625
3.4375 5.15625
0.78125 5.0
0.9375 5.0
1.09375 5.0
1.25 5.0
1.40625 5.0
1.5625 5.0
1.71875 5.0
1.875 5.0
2.03125 5.0
2.1875 5.0
2.34375 5.0
2.5 5.0
2.65625 5.0
2.8125 5.0
2.96875 5.0
3.125 5.0
3.28125 5.0
3.4375 5.0
0.46875 4.84375
0.625 4.84375
0.78125 4.84375
0.9375 4.84375
1.09375 4.84375
1.25 4.84375
1.40625 4.84375
1.5625 4.84375
1.71875 4.84375
1.875 4.84375
2.03125 4.84375
2.1875 4.84375
2.34375 4.84375
2.5 4.84375
2.65625 4.84375
2.8125 4.84375
2.96875 4.84375
3.125 4.84375
3.28125 4.84375
0.15625 4.6875
0.3125 4.6875
0.46875 4.6875
0.625 4.6875
0.78125 4.6875
0.9375 4.6875
1.09375 4.6875
1.25 4.6875
1.40625 4.6875
1.5625 4.6875
1.71875 4.6875
1.875 4.6875
2.03125 4.6875
2.1875 4.6875
2.34375 4.6875
2.5 4.6875
2.65625 4.6875
2.8125 4.6875
2.96875 4.6875
3.125 4.6875
-0.15625 4.53125
0.0 4.53125
0.15625 4.53125
0.3125 4.53125
0.46875 4.53125
0.625 4.53125
0.78125 4.53125
0.9375 4.53125
1.09375 4.53125
1.25 4.53125
1.40625 4.53125
1.5625 4.53125
1.71875 4.53125
1.875 4.53125
2.03125 4.53125
2.1875 4.53125
2.34375 4.53125
2.5 4.53125
2.65625 4.53125
2.8125 4.53125
2.96875 4.53125
3.125 4.53125
-0.46875 4.375
-0.3125 4.375
-0.15625 4.375
0.0 4.375
0.15625 4.375
0.3125 4.375
0.46875 4.375
0.625 4.375
0.78125 4.375
0.9375 4.375
1.09375 4.375
1.25 4.375
1.40625 4.375
1.5625 4.375
1.71875 4.375
1.875 4.375
2.03125 4.375
2.1875 4.375
2.34375 4.375
2.5 4.375
2.65625 4.375
2.8125 4.375
2.96875 4.375
3.125 4.375
-0.625 4.21875
-0.46875 4.21875
-0.3125 4.21875
-0.15625 4.21875
0.0 4.21875
0.15625 4.21875
0.3125 4.21875
0.46875 4.21875
0.625 4.21875
0.78125 4.21875
0.9375 4.21875
1.09375 4.21875
1.25 4.21875
1.40625 4.21875
1.5625 4.21875
1.71875 4.21875
1.875 4.21875
2.03125 4.21875
2.1875 4.21875
2.34375 4.21875
2.5 4.21875
2.65625 4.21875
2.8125 4.21875
2.96875 4.21875
3.125 4.21875
-0.9375 4.0625
-0.78125 4.0625
-0.625 4.0625
-0.46875 4.0625
-0.3125 4.0625
-0.15625 4.0625
0.0 4.0625
0.15625 4.0625
0.3125 4.0625
0.46875 4.0625
0.625 4.0625
0.78125 4.0625
0.9375 4.0625
1.09375 4.0625
1.25 4.0625
1.40625 4.0625
1.5625 4.0625
1.71875 4.0625
1.875 4.0625
2.03125 4.0625
2.1875 4.0625
2.34375 4.0625
2.5 4.0625
2.65625 4.0625
2.8125 4.0625
2.96875 4.0625
3.125 4.0625
-1.25 3.90625
-1.09375 3.90625
-0.9375 3.90625
-0.78125 3.90625
-0.625 3.90625
-0.46875 3.90625
-0.3125 3.90625
-0.15625 3.90625
0.0 3.90625
0.15625 3.90625
0.3125 3.90625
0.46875 3.90625
0.625 3.90625
0.78125 3.90625
0.9375 3.90625
1.09375 3.90625
1.25 3.90625
1.40625 3.90625
1.5625 3.90625
1.71875 3.90625
1.875 3.90625
2.03125 3.90625
2.1875 3.90625
2.34375 3.90625
2.5 3.90625
2.65625 3.90625
2.8125 3.90625
2.96875 3.90625
3.125 3.90625
-1.5625 3.75
-1.40625 3.75
-1.25 3.75
-1.09375 3.75
-0.9375 3.75
-0.78125 3.75
-0.625 3.75
-0.46875 3.75
-0.3125 3.75
-0.15625 3.75
0.0 3.75
0.15625 3.75
0.3125 3.75
0.46875 3.75
0.625 3.75
0.78125 3.75
0.9375 3.75
1.09375 3.75
1.25 3.75
1.40625 3.75
1.5625 3.75
1.71875 3.75
1.875 3.75
2.03125 3.75
2.1875 3.75
2.34375 3.75
2.5 3.75
2.65625 3.75
2.8125 3.75
2.96875 3.75
3.125 3.75
-1.875 3.59375
-1.71875 3.59375
-1.5625 3.59375
-1.40625 3.59375
-1.25 3.59375
-1.09375 3.59375
-0.9375 3.59375
-0.78125 3.59375
-0.625 3.59375
-0.46875 3.59375
-0.3125 3.59375
-0.15625 3.59375
0.0 3.59375
0.15625 3.59375
0.3125 3.59375
0.46875 3.59375
0.625 3.59375
0.78125 3.59375
0.9375 3.59375
1.09375 3.59375
1.25 3.59375
1.40625 3.59375
1.5625 3.59375
1.71875 3.59375
1.875 3.59375
2.03125 3.59375
2.1875 3.59375
2.34375 3.59375
2.5 3.59375
-2.1875 3.4375
-2.03125 3.4375
-1.875 3.4375
-1.71875 3.4375
-1.5625 3.4375
-1.40625 3.4375
-1.25 3.4375
-1.09375 3.4375
-0.9375 3.4375
-0.78125 3.4375
-0.625 3.4375
-0.46875 3.4375
-0.3125 3.4375
-0.15625 3.4375
0.0 3.4375
0.15625 3.4375
0.3125 3.4375
0.46875 3.4375
0.625 3.4375
0.78125 3.4375
0.9375 3.4375
1.09375 3.4375
1.25 3.4375
1.40625 3.4375
1.5625 3.4375
1.71875 3.4375
1.875 3.4375
2.03125 3.4375
2.1875 3.4375
2.34375 3.4375
2.5 3.4375
-2.5 3.28125
-2.34375 3.28125
-2.1875 3.28125
-2.03125 3.28125
-1.875 3.28125
-1.71875 3.28125
-1.5625 3.28125
-1.40625 3.28125
-1.25 3.28125
-1.09375 3.28125
-0.9375 3.28125
-0.78125 3.28125
-0.625 3.28125
-0.46875 3.28125
-0.3125 3.28125
-0.15625 3.28125
0.0 3.28125
0.15625 3.28125
0.3125 3.28125
0.46875 3.28125
0.625 3.28125
0.78125 3.28125
0.9375 3.28125
1.09375 3.28125
1.25 3.28125
1.40625 3.28125
1.5625 3.28125
1.71875 3.28125
1.875 3.28125
2.03125 3.28125
2.1875 3.28125
2.34375 3.28125
2.5 3.28125
-2.8125 3.125
-2.65625 3.125
-2.5 3.125
-2.34375 3.125
-2.1875 3.125
-2.03125 3.125
-1.875 3.125
-1.71875 3.125
-1.5625 3.125
-1.40625 3.125
-1.25 3.125
-1.09375 3.125
-0.9375 3.125
-0.78125 3.125
-0.625 3.125
-0.46875 3.125
-0.3125 3.125
-0.15625 3.125
0.0 3.125
0.15625 3.125
0.3125 3.125
0.46875 3.125
0.625 3.125
0.78125 3.125
0.9375 3.125
1.09375 3.125
1.25 3.125
1.40625 3.125
1.5625 3.125
1.71875 3.125
1.875 3.125
2.03125 3.125
2.1875 3.125
2.34375 3.125
-3.125 2.96875
-2.96875 2.96875
-2.8125 2.96875
-2.65625 2.96875
-2.5 2.96875
-2.34375 2.96875
-2.1875 2.96875
-2.03125 2.96875
-1.875 2.96875
-1.71875 2.96875
-1.5625 2.96875
-1.40625 2.96875
-1.25 2.96875
-1.09375 2.96875
-0.9375 2.96875
-0.78125 2.96875
-0.625 2.96875
-0.46875 2.96875
-0.3125 2.96875
-0.15625 2.96875
0.0 2.96875
0.15625 2.96875
0.3125 2.96875
0.46875 2.96875
0.625 2.96875
0.78125 2.96875
0.9375 2.96875
1.09375 2.96875
1.25 2.96875
1.40625 2.96875
1.5625 2.96875
1.71875 2.96875
1.875 2.96875
2.03125 2.96875
2.1875 2.96875
2.34375 2.96875
-3.4375 2.8125
-3.28125 2.8125
-3.125 2.8125
-2.96875 2.8125
-2.8125 2.8125
-2.65625 2.8125
-2.5 2.8125
-2.34375 2.8125
-2.1875 2.8125
-2.03125 2.8125
-1.875 2.8125
-1.71875 2.8125
-1.5625 2.8125
-1.40625 2.8125
-1.25 2.8125
-1.09375 2.8125
-0.9375 2.8125
-0.78125 2.8125
-0.625 2.8125
-0.46875 2.8125
-0.3125 2.8125
-0.15625 2.8125
0.0 2.8125
0.15625 2.8125
0.3125 2.8125
0.46875 2.8125
0.625 2.8125
0.78125 2.8125
0.9375 2.8125
1.09375 2.8125
1.25 2.8125
1.40625 2.8125
1.5625 2.8125
1.71875 2.8125
1.875 2.8125
2.03125 2.8125
2.1875 2.8125
2.34375 2.8125
-3.59375 2.65625
-3.4375 2.65625
-3.28125 2.65625
-3.125 2.65625
-2.96875 2.65625
-2.8125 2.65625
-2.65625 2.65625
-2.5 2.65625
-2.34375 2.65625
-2.1875 2.65625
-2.03125 2.65625
-1.875 2.65625
-1.71875 2.65625
-1.5625 2.65625
-1.40625 2.65625
-1.25 2.65625
-1.09375 2.65625
-0.9375 2.65625
-0.78125 2.65625
-0.625 2.65625
-0.46875 2.65625
-0.3125 2.65625
-0.15625 2.65625
0.0 2.65625
0.15625 2.65625
0.3125 2.65625
0.46875 2.65625
0.625 2.65625
0.78125 2.65625
0.9375 2.65625
1.09375 2.65625
1.25 2.65625
1.40625 2.65625
1.5625 2.65625
1.71875 2.65625
1.875 2.65625
2.03125 2.65625
2.1875 2.65625
2.34375 2.65625
-3.90625 2.5
-3.75 2.5
-3.59375 2.5
-3.4375 2.5
-3.28125 2.5
-3.125 2.5
-2.96875 2.5
-2.8125 2.5
-2.65625 2.5
-2.5 2.5
-2.34375 2.5
-2.1875 2.5
-2.03125 2.5
-1.875 2.5
-1.71875 2.5
-1.5625 2.5
-1.40625 2.5
-1.25 2.5
-1.09375 2.5
-0.9375 2.5
-0.78125 2.5
-0.625 2.5
-0.46875 2.5
-0.3125 2.5
-0.15625 2.5
0.0 2.5
0.15625 2.5
0.3125 2.5
0.46875 2.5
0.625 2.5
0.78125 2.5
0.9375 2.5
1.09375 2.5
1.25 2.5
1.40625 2.5
1.5625 2.5
1.71875 2.5
1.875 2.5
2.03125 2.5
2.1875 2.5
-4.21875 2.34375
-4.0625 2.34375
-3.90625 2.34375
-3.75 2.34375
-3.59375 2.34375
-3.4375 2.34375
-3.28125 2.34375
-3.125 2.34375
-2.96875 2.34375
-2.8125 2.34375
-2.65625 2.34375
-2.5 2.34375
-2.34375 2.34375
-2.1875 2.34375
-2.03125 2.34375
-1.875 2.34375
-1.71875 2.34375
-1.5625 2.34375
-1.40625 2.34375
-1.25 2.34375
-1.09375 2.34375
-0.9375 2.34375
-0.78125 2.34375
-0.625 2.34375
-0.46875 2.34375
-0.3125 2.34375
-0.15625 2.34375
0.0 2.34375
0.15625 2.34375
0.3125 2.34375
0.46875 2.34375
0.625 2.34375
0.78125 2.34375
0.9375 2.34375
1.09375 2.34375
1.25 2.34375
1.40625 2.34375
1.5625 2.34375
1.71875 2.34375
1.875 2.34375
2.03125 2.34375
2.1875 2.34375
-4.53125 2.1875
-4.375 2.1875
-4.21875 2.1875
-4.0625 2.1875
-3.90625 2.1875
-3.75 2.1875
-3.59375 2.1875
-3.4375 2.1875
-3.28125 2.1875
-3.125 2.1875
-2.96875 2.1875
-2.8125 2.1875
-2.65625 2.1875
-2.5 2.1875
-2.34375 2.1875
-2.1875 2.1875
-2.03125 2.1875
-1.875 2.1875
-1.71875 2.1875
-1.5625 2.1875
-1.40625 2.1875
-1.25 2.1875
-1.09375 2.1875
-0.9375 2.1875
-0.78125 2.1875
-0.625 2.1875
-0.46875 2.1875
-0.3125 2.1875
-0.15625 2.1875
0.0 2.1875
0.15625 2.1875
0.3125 2.1875
0.46875 2.1875
0.625 2.1875
0.78125 2.1875
0.9375 2.1875
1.09375 2.1875
1.25 2.1875
1.40625 2.1875
1.5625 2.1875
1.71875 2.1875
1.875 2.1875
2.03125 2.1875
2.1875 2.1875
-4.84375 2.03125
-4.6875 2.03125
-4.53125 2.03125
-4.375 2.03125
-4.21875 2.03125
-4.0625 2.03125
-3.90625 2.03125
-3.75 2.03125
-3.59375 2.03125
-3.4375 2.03125
-3.28125 2.03125
-3.125 2.03125
-2.96875 2.03125
-2.8125 2.03125
-2.65625 2.03125
-2.5 2.03125
-2.34375 2.03125
-2.1875 2.03125
-2.03125 2.03125
-1.875 2.03125
-1.71875 2.03125
-1.5625 2.03125
-1.40625 2.03125
-1.25 2.03125
-1.09375 2.03125
-0.9375 2.03125
-0.78125 2.03125
-0.625 2.03125
-0.46875 2.03125
-0.3125 2.03125
-0.15625 2.03125
0.0 2.03125
0.15625 2.03125
0.3125 2.03125
0.46875 2.03125
0.625 2.03125
0.78125 2.03125
0.9375 2.03125
1.09375 2.03125
1.25 2.03125
1.40625 2.03125
1.5625 2.03125
1.71875 2.03125
1.875 2.03125
2.03125 2.03125
-5.15625 1.875
-5.0 1.875
-4.84375 1.875
-4.6875 1.875
-4.53125 1.875
-4.375 1.875
-4.21875 1.875
-4.0625 1.875
-3.90625 1.875
-3.75 1.875
-3.59375 1.875
-3.4375 1.875
-3.28125 1.875
-3.125 1.875
-2.96875 1.875
-2.8125 1.875
-2.65625 1.875
-2.5 1.875
-2.34375 1.875
-2.1875 1.875
-2.03125 1.875
-1.875 1.875
-1.71875 1.875
-1.5625 1.875
-1.40625 1.875
-1.25 1.875
-1.09375 1.875
-0.9375 1.875
-0.78125 1.875
-0.625 1.875
-0.46875 1.875
-0.3125 1.875
-0.15625 1.875
0.0 1.875
0.15625 1.875
0.3125 1.875
0.46875 1.875
0.625 1.875
0.78125 1.875
0.9375 1.875
1.09375 1.875
1.25 1.875
1.40625 1.875
1.5625 1.875
1.71875 1.875
1.875 1.875
2.03125 1.875
-5.46875 1.71875
-5.3125 1.71875
-5.15625 1.71875
-5.0 1.71875
-4.84375 1.71875
-4.6875 1.71875
-4.53125 1.71875
-4.375 1.71875
-4.21875 1.71875
-4.0625 1.71875
-3.90625 1.71875
-3.75 1.71875
-3.59375 1.71875
-3.4375 1.71875
-3.28125 1.71875
-3.125 1.71875
-2.96875 1.71875
-2.8125 1.71875
-2.65625 1.71875
-2.5 1.71875
-2.34375 1.71875
-2.1875 1.71875
-2.03125 1.71875
-1.875 1.71875
-1.71875 1.71875
-1.5625 1.71875
-1.40625 1.71875
-1.25 1.71875
-1.09375 1.71875
-0.9375 1.71875
-0.78125 1.71875
-0.625 1.71875
-0.46875 1.71875
-0.3125 1.71875
-0.15625 1.71875
0.0 1.71875
0.15625 1.71875
0.3125 1.71875
0.46875 1.71875
0.625 1.71875
0.78125 1.71875
0.9375 1.71875
1.09375 1.71875
1.25 1.71875
1.40625 1.71875
1.5625 1.71875
1.71875 1.71875
1.875 1.71875
2.03125 1.71875
-5.78125 1.5625
-5.625 1.5625
-5.46875 1.5625
-5.3125 1.5625
-5.15625 1.5625
-5.0 1.5625
-4.84375 1.5625
-4.6875 1.5625
-4.53125 1.5625
-4.375 1.5625
-4.21875 1.5625
-4.0625 1.5625
-3.90625 1.5625
-3.75 1.5625
-3.59375 1.5625
-3.4375 1.5625
-3.28125 1.5625
-3.125 1.5625
-2.96875 1.5625
-2.8125 1.5625
-2.65625 1.5625
-2.5 1.5625
-2.34375 1.5625
-2.1875 1.5625
-2.03125 1.5625
-1.875 1.5625
-1.71875 1.5625
-1.5625 1.5625
-1.40625 1.5625
-1.25 1.5625
-1.09375 1.5625
-0.9375 1.5625
-0.78125 1.5625
-0.625 1.5625
-0.46875 1.5625
-0.3125 1.5625
-0.15625 1.5625
0.0 1.5625
0.15625 1.5625
0.3125 1.5625
0.46875 1.5625
0.625 1.5625
0.78125 1.5625
0.9375 1.5625
1.09375 1.5625
1.25 1.5625
1.40625 1.5625
1.5625 1.5625
1.71875 1.5625
1.875 1.5625
2.03125 1.5625
-6.09375 1.40625
-5.9375 1.40625
-5.78125 1.40625
-5.625 1.40625
-5.46875 1.40625
-5.3125 1.40625
-5.15625 1.40625
-5.0 1.40625
-4.84375 1.40625
-4.6875 1.40625
-4.53125 1.40625
-4.375 1.40625
-4.21875 1.40625
-4.0625 1.40625
-3.90625 1.40625
-3.75 1.40625
-3.59375 1.40625
-3.4375 1.40625
-3.28125 1.40625
-3.125 1.40625
-2.96875 1.40625
-2.8125 1.40625
-2.65625 1.40625
-2.5 1.40625
-2.34375 1.40625
-2.1875 1.40625
-2.03125 1.40625
-1.875 1.40625
-1.71875 1.40625
-1.5625 1.40625
-1.40625 1.40625
-1.25 1.40625
-1.09375 1.40625
-0.9375 1.40625
-0.78125 1.40625
-0.625 1.40625
-0.46875 1.40625
-0.3125 1.40625
-0.15625 1.40625
0.0 1.40625
0.15625 1.40625
0.3125 1.40625
0.46875 1.40625
0.625 1.40625
0.78125 1.40625
0.9375 1.40625
1.09375 1.40625
1.25 1.40625
1.40625 1.40625
1.5625 1.40625
1.71875 1.40625
1.875 1.40625
2.03125 1.40625
-6.25 1.25
-6.09375 1.25
-5.9375 1.25
-5.78125 1.25
-5.625 1.25
-5.46875 1.25
-5.3125 1.25
-5.15625 1.25
-5.0 1.25
-4.84375 1.25
-4.6875 1.25
-4.53125 1.25
-4.375 1.25
-4.21875 1.25
-4.0625 1.25
-3.90625 1.25
-3.75 1.25
-3.59375 1.25
-3.4375 1.25
-3.28125 1.25
-3.125 1.25
-2.96875 1.25
-2.8125 1.25
-2.65625 1.25
-2.5 1.25
-2.34375 1.25
-2.1875 1.25
-2.03125 1.25
-1.875 1.25
-1.71875 1.25
-1.5625 1.25
-1.40625 1.25
-1.25 1.25
-1.09375 1.25
-0.9375 1.25
-0.78125 1.25
-0.625 1.25
-0.46875 1.25
-0.3125 1.25
-0.15625 1.25
0.0 1.25
0.15625 1.25
0.3125 1.25
0.46875 1.25
0.625 1.25
0.78125 1.25
0.9375 1.25
1.09375 1.25
1.25 1.25
1.40625 1.25
1.5625 1.25
1.71875 1.25
1.875 1.25
2.03125 1.25
-6.5625 1.09375
-6.40625 1.09375
-6.25 1.09375
-6.09375 1.09375
-5.9375 1.09375
-5.78125 1.09375
-5.625 1.09375
-5.46875 1.09375
-5.3125 1.09375
-5.15625 1.09375
-5.0 1.09375
-4.84375 1.09375
-4.6875 1.09375
-4.53125 1.09375
-4.375 1.09375
-4.21875 1.09375
-4.0625 1.09375
-3.90625 1.09375
-3.75 1.09375
-3.59375 1.09375
-3.4375 1.09375
-3.28125 1.09375
-3.125 1.09375
-2.96875 1.09375
-2.8125 1.09375
-2.65625 1.09375
-2.5 1.09375
-2.34375 1.09375
-2.1875 1.09375
-2.03125 1.09375
-1.875 1.09375
-1.71875 1.09375
-1.5625 1.09375
-1.40625 1.09375
-1.25 1.09375
-1.09375 1.09375
-0.9375 1.09375
-0.78125 1.09375
-0.625 1.09375
-0.46875 1.09375
-0.3125 1.09375
-0.15625 1.09375
0.0 1.09375
0.15625 1.09375
0.3125 1.09375
0.46875 1.09375
0.625 1.09375
0.78125 1.09375
0.9375 1.09375
1.09375 1.09375
1.25 1.09375
1.40625 1.09375
1.5625 1.09375
1.71875 1.09375
1.875 1.09375
2.03125 1.09375
-6.875 0.9375
-6.71875 0.9375
-6.5625 0.9375
-6.40625 0.9375
-6.25 0.9375
-6.09375 0.9375
-5.9375 0.9375
-5.78125 0.9375
-5.625 0.9375
-5.46875 0.9375
-5.3125 0.9375
-5.15625 0.9375
-5.0 0.9375
-4.84375 0.9375
-4.6875 0.9375
-4.53125 0.9375
-4.375 0.9375
-4.21875 0.9375
-4.0625 0.9375
-3.90625 0.9375
-3.75 0.9375
-3.59375 0.9375
-3.4375 0.9375
-3.28125 0.9375
-3.125 0.9375
-2.96875 0.9375
-2.8125 0.9375
-2.65625 0.9375
-2.5 0.9375
-2.34375 0.9375
-2.1875 0.9375
-2.03125 0.9375
-1.875 0.9375
-1.71875 0.9375
-1.5625 0.9375
-1.40625 0.9375
-1.25 0.9375
-1.09375 0.9375
-0.9375 0.9375
-0.78125 0.9375
-0.625 0.9375
-0.46875 0.9375
-0.3125 0.9375
-0.15625 0.9375
0.0 0.9375
0.15625 0.9375
0.3125 0.9375
0.46875 0.9375
0.625 0.9375
0.78125 0.9375
0.9375 0.9375
1.09375 0.9375
1.25 0.9375
1.40625 0.9375
1.5625 0.9375
1.71875 0.9375
1.875 0.9375
2.03125 0.9375
-7.03125 0.78125
-6.875 0.78125
-6.71875 0.78125
-6.5625 0.78125
-6.40625 0.78125
-6.25 0.78125
-6.09375 0.78125
-5.9375 0.78125
-5.78125 0.78125
-5.625 0.78125
-5.46875 0.78125
-5.3125 0.78125
-5.15625 0.78125
-5.0 0.78125
-4.84375 0.78125
-4.6875 0.78125
-4.53125 0.78125
-4.375 0.78125
-4.21875 0.78125
-4.0625 0.78125
-3.90625 0.78125
-3.75 0.78125
-3.59375 0.78125
-3.4375 0.78125
-3.28125 0.78125
-3.125 0.78125
-2.96875 0.78125
-2.8125 0.78125
-2.65625 0.78125
-2.5 0.78125
-2.34375 0.78125
-2.1875 0.78125
-2.03125 0.78125
-1.875 0.78125
-1.71875 0.78125
-1.5625 0.78125
-1.40625 0.78125
-1.25 0.78125
-1.09375 0.78125
-0.9375 0.78125
-0.78125 0.78125
-0.625 0.78125
-0.46875 0.78125
-0.3125 0.78125
-0.15625 0.78125
0.0 0.78125
0.15625 0.78125
0.3125 0.78125
0.46875 0.78125
0.625 0.78125
0.78125 0.78125
0.9375 0.78125
1.09375 0.78125
1.25 0.78125
1.40625 0.78125
1.5625 0.78125
1.71875 0.78125
1.875 0.78125
2.03125 0.78125
-7.03125 0.625
-6.875 0.625
-6.71875 0.625
-6.5625 0.625
-6.40625 0.625
-6.25 0.625
-6.09375 0.625
-5.9375 0.625
-5.78125 0.625
-5.625 0.625
-5.46875 0.625
-5.3125 0.625
-5.15625 0.625
-5.0 0.625
-4.84375 0.625
-4.6875 0.625
-4.53125 0.625
-4.375 0.625
-4.21875 0.625
-4.0625 0.625
-3.90625 0.625
-3.75 0.625
-3.59375 0.625
-3.4375 0.625
-3.28125 0.625
-3.125 0.625
-2.96875 0.625
-2.8125 0.625
-2.65625 0.625
-2.5 0.625
-2.34375 0.625
-2.1875 0.625
-2.03125 0.625
-1.875 0.625
-1.71875 0.625
-1.5625 0.625
-1.40625 0.625
-1.25 0.625
-1.09375 0.625
-0.9375 0.625
-0.78125 0.625
-0.625 0.625
-0.46875 0.625
-0.3125 0.625
-0.15625 0.625
0.0 0.625
0.15625 0.625
0.3125 0.625
0.46875 0.625
0.625 0.625
0.78125 0.625
0.9375 0.625
1.09375 0.625
1.25 0.625
1.40625 0.625
1.5625 0.625
1.71875 0.625
1.875 0.625
2.03125 0.625
-7.03125 0.46875
-6.875 0.46875
-6.71875 0.46875
-6.5625 0.46875
-6.40625 0.46875
-6.25 0.46875
-6.09375 0.46875
-5.9375 0.46875
-5.78125 0.46875
-5.625 0.46875
-5.46875 0.46875
-5.3125 0.46875
-5.15625 0.46875
-5.0 0.46875
-4.84375 0.46875
-4.6875 0.46875
-4.53125 0.46875
-4.375 0.46875
-4.21875 0.46875
-4.0625 0.46875
-3.90625 0.46875
-3.75 0.46875
-3.59375 0.46875
-3.4375 0.46875
-3.28125 0.46875
-3.125 0.46875
-2.96875 0.46875
-2.8125 0.46875
-2.65625 0.46875
-2.5 0.46875
-2.34375 0.46875
-2.1875 0.46875
-2.03125 0.46875
-1.875 0.46875
-1.71875 0.46875
-1.5625 0.46875
-1.40625 0.46875
-1.25 0.46875
-1.09375 0.46875
-0.9375 0.46875
-0.78125 0.46875
-0.625 0.46875
-0.46875 0.46875
-0.3125 0.46875
-0.15625 0.46875
0.0 0.46875
0.15625 0.46875
0.3125 0.46875
0.46875 0.46875
0.625 0.46875
0.78125 0.46875
0.9375 0.46875
1.09375 0.46875
1.25 0.46875
1.40625 0.46875
1.5625 0.46875
1.71875 0.46875
1.875 0.46875
2.03125 0.46875
-7.03125 0.3125
-6.875 0.3125
-6.71875 0.3125
-6.5625 0.3125
-6.40625 0.3125
-6.25 0.3125
-6.09375 0.3125
-5.9375 0.3125
-5.78125 0.3125
-5.625 0.3125
-5.46875 0.3125
-5.3125 0.3125
-5.15625 0.3125
-5.0 0.3125
-4.84375 0.3125
-4.6875 0.3125
-4.53125 0.3125
-4.375 0.3125
-4.21875 0.3125
-4.0625 0.3125
-3.90625 0.3125
-3.75 0.3125
-3.59375 0.3125
-3.4375 0.3125
-3.28125 0.3125
-3.125 0.3125
-2.96875 0.3125
-2.8125 0.3125
-2.65625 0.3125
-2.5 0.3125
-2.34375 0.3125
-2.1875 0.3125
-2.03125 0.3125
-1.875 0.3125
-1.71875 0.3125
-1.5625 0.3125
-1.40625 0.3125
-1.25 0.3125
-1.09375 0.3125
-0.9375 0.3125
-0.78125 0.3125
-0.625 0.3125
-0.46875 0.3125
-0.3125 0.3125
-0.15625 0.3125
0.0 0.3125
0.15625 0.3125
0.3125 0.3125
0.46875 0.3125
0.625 0.3125
0.78125 0.3125
0.9375 0.3125
1.09375 0.3125
1.25 0.3125
1.40625 0.3125
1.5625 0.3125
1.71875 0.3125
1.875 0.3125
2.03125 0.3125
-7.03125 0.15625
-6.875 0.15625
-6.71875 0.15625
-6.5625 0.15625
-6.40625 0.15625
-6.25 0.15625
-6.09375 0.15625
-5.9375 0.15625
-5.78125 0.15625
-5.625 0.15625
-5.46875 0.15625
-5.3125 0.15625
-5.15625 0.15625
-5.0 0.15625
-4.84375 0.15625
-4.6875 0.15625
-4.53125 0.15625
-4.375 0.15625
-4.21875 0.15625
-4.0625 0.15625
-3.90625 0.15625
-3.75 0.15625
-3.59375 0.15625
-3.4375 0.15625
-3.28125 0.15625
-3.125 0.15625
-2.96875 0.15625
-2.8125 0.15625
-2.65625 0.15625
-2.5 0.15625
-2.34375 0.15625
-2.1875 0.15625
-2.03125 0.15625
-1.875 0.15625
-1.71875 0.15625
-1.5625 0.15625
-1.40625 0.15625
-1.25 0.15625
-1.09375 0.15625
-0.9375 0.15625
-0.78125 0.15625
-0.625 0.15625
-0.46875 0.15625
-0.3125 0.15625
-0.15625 0.15625
0.0 0.15625
0.15625 0.15625
0.3125 0.15625
0.46875 0.15625
0.625 0.15625
0.78125 0.15625
0.9375 0.15625
1.09375 0.15625
1.25 0.15625
1.40625 0.15625
1.5625 0.15625
1.71875 0.15625
1.875 0.15625
2.03125 0.15625
-7.03125 0.0
-6.875 0.0
-6.71875 0.0
-6.5625 0.0
-6.40625 0.0
-6.25 0.0
-6.09375 0.0
-5.9375 0.0
-5.78125 0.0
-5.625 0.0
-5.46875 0.0
-5.3125 0.0
-5.15625 0.0
-5.0 0.0
-4.84375 0.0
-4.6875 0.0
-4.53125 0.0
-4.375 0.0
-4.21875 0.0
-4.0625 0.0
-3.90625 0.0
-3.75 0.0
-3.59375 0.0
-3.4375 0.0
-3.28125 0.0
-3.125 0.0
-2.96875 0.0
-2.8125 0.0
-2.65625 0.0
-2.5 0.0
-2.34375 0.0
-2.1875 0.0
-2.03125 0.0
-1.875 0.0
-1.71875 0.0
-1.5625 0.0
-1.40625 0.0
-1.25 0.0
-1.09375 0.0
-0.9375 0.0
-0.78125 0.0
-0.625 0.0
-0.46875 0.0
-0.3125 0.0
-0.15625 0.0
0.0 0.0
0.15625 0.0
0.3125 0.0
0.46875 0.0
0.625 0.0
0.78125 0.0
0.9375 0.0
1.09375 0.0
1.25 0.0
1.40625 0.0
1.5625 0.0
1.71875 0.0
1.875 0.0
2.03125 0.0
