20.0 19.0625
19.6875 18.90625
19.84375 18.90625
20.0 18.90625
19.375 18.75
19.53125 18.75
19.6875 18.75
19.84375 18.75
20.0 18.75
19.0625 18.59375
19.21875 18.59375
19.375 18.59375
19.53125 18.59375
19.6875 18.59375
19.84375 18.59375
20.0 18.59375
18.75 18.4375
18.90625 18.4375
19.0625 18.4375
19.21875 18.4375
19.375 18.4375
19.53125 18.4375
19.6875 18.4375
19.84375 18.4375
20.0 18.4375
18.4375 18.28125
18.59375 18.28125
18.75 18.28125
18.90625 18.28125
19.0625 18.28125
19.21875 18.28125
19.375 18.28125
19.53125 18.28125
19.6875 18.28125
19.84375 18.28125
20.0 18.28125
18.125 18.125
18.28125 18.125
18.4375 18.125
18.59375 18.125
18.75 18.125
18.90625 18.125
19.0625 18.125
19.21875 18.125
19.375 18.125
19.53125 18.125
19.6875 18.125
19.84375 18.125
20.0 18.125
17.8125 17.96875
17.96875 17.96875
18.125 17.96875
18.28125 17.96875
18.4375 17.96875
18.59375 17.96875
18.75 17.96875
18.90625 17.96875
19.0625 17.96875
19.21875 17.96875
19.375 17.96875
19.53125 17.96875
19.6875 17.96875
19.84375 17.96875
20.0 17.96875
17.5 17.8125
17.65625 17.8125
17.8125 17.8125
17.96875 17.8125
18.125 17.8125
18.28125 17.8125
18.4375 17.8125
18.59375 17.8125
18.75 17.8125
18.90625 17.8125
19.0625 17.8125
19.21875 17.8125
19.375 17.8125
19.53125 17.8125
19.6875 17.8125
19.84375 17.8125
20.0 17.8125
17.34375 17.65625
17.5 17.65625
17.65625 17.65625
17.8125 17.65625
17.96875 17.65625
18.125 17.65625
18.28125 17.65625
18.4375 17.65625
18.59375 17.65625
18.75 17.65625
18.90625 17.65625
19.0625 17.65625
19.21875 17.65625
19.375 17.65625
19.53125 17.65625
19.6875 17.65625
19.84375 17.65625
20.0 17.65625
17.03125 17.5
17.1875 17.5
17.34375 17.5
17.5 17.5
17.65625 17.5
17.8125 17.5
17.96875 17.5
18.125 17.5
18.28125 17.5
18.4375 17.5
18.59375 17.5
18.75 17.5
18.90625 17.5
19.0625 17.5
19.21875 17.5
19.375 17.5
19.53125 17.5
19.6875 17.5
19.84375 17.5
20.0 17.5
16.71875 17.34375
16.875 17.34375
17.03125 17.34375
17.1875 17.34375
17.34375 17.34375
17.5 17.34375
17.65625 17.34375
17.8125 17.34375
17.96875 17.34375
18.125 17.34375
18.28125 17.34375
18.4375 17.34375
18.59375 17.34375
18.75 17.34375
18.90625 17.34375
19.0625 17.34375
19.21875 17.34375
19.375 17.34375
19.53125 17.34375
19.6875 17.34375
19.84375 17.34375
20.0 17.34375
16.40625 17.1875
16.5625 17.1875
16.71875 17.1875
16.875 17.1875
17.03125 17.1875
17.1875 17.1875
17.34375 17.1875
17.5 17.1875
17.65625 17.1875
17.8125 17.1875
17.96875 17.1875
18.125 17.1875
18.28125 17.1875
18.4375 17.1875
18.59375 17.1875
18.75 17.1875
18.90625 17.1875
19.0625 17.1875
19.21875 17.1875
19.375 17.1875
19.53125 17.1875
19.6875 17.1875
19.84375 17.1875
20.0 17.1875
16.09375 17.03125
16.25 17.03125
16.40625 17.03125
16.5625 17.03125
16.71875 17.03125
16.875 17.03125
17.03125 17.03125
17.1875 17.03125
17.34375 17.03125
17.5 17.03125
17.65625 17.03125
17.8125 17.03125
17.96875 17.03125
18.125 17.03125
18.28125 17.03125
18.4375 17.03125
18.59375 17.03125
18.75 17.03125
18.90625 17.03125
19.0625 17.03125
19.21875 17.03125
19.375 17.03125
19.53125 17.03125
19.6875 17.03125
19.84375 17.03125
20.0 17.03125
15.78125 16.875
15.9375 16.875
16.09375 16.875
16.25 16.875
16.40625 16.875
16.5625 16.875
16.71875 16.875
16.875 16.875
17.03125 16.875
17.1875 16.875
17.34375 16.875
17.5 16.875
17.65625 16.875
17.8125 16.875
17.96875 16.875
18.125 16.875
18.28125 16.875
18.4375 16.875
18.59375 16.875
18.75 16.875
18.90625 16.875
19.0625 16.875
19.21875 16.875
19.375 16.875
19.53125 16.875
19.6875 16.875
19.84375 16.875
20.0 16.875
15.46875 16.71875
15.625 16.71875
15.78125 16.71875
15.9375 16.71875
16.09375 16.71875
16.25 16.71875
16.40625 16.71875
16.5625 16.71875
16.71875 16.71875
16.875 16.71875
17.03125 16.71875
17.1875 16.71875
17.34375 16.71875
17.5 16.71875
17.65625 16.71875
17.8125 16.71875
17.96875 16.71875
18.125 16.71875
18.28125 16.71875
18.4375 16.71875
18.59375 16.71875
18.75 16.71875
18.90625 16.71875
19.0625 16.71875
19.21875 16.71875
19.375 16.71875
19.53125 16.71875
19.6875 16.71875
19.84375 16.71875
20.0 16.71875
15.15625 16.5625
15.3125 16.5625
15.46875 16.5625
15.625 16.5625
15.78125 16.5625
15.9375 16.5625
16.09375 16.5625
16.25 16.5625
16.40625 16.5625
16.5625 16.5625
16.71875 16.5625
16.875 16.5625
17.03125 16.5625
17.1875 16.5625
17.34375 16.5625
17.5 16.5625
17.65625 16.5625
17.8125 16.5625
17.96875 16.5625
18.125 16.5625
18.28125 16.5625
18.4375 16.5625
18.59375 16.5625
18.75 16.5625
18.90625 16.5625
19.0625 16.5625
19.21875 16.5625
19.375 16.5625
19.53125 16.5625
19.6875 16.5625
19.84375 16.5625
20.0 16.5625
15.0 16.40625
15.15625 16.40625
15.3125 16.40625
15.46875 16.40625
15.625 16.40625
15.78125 16.40625
15.9375 16.40625
16.09375 16.40625
16.25 16.40625
16.40625 16.40625
16.5625 16.40625
16.71875 16.40625
16.875 16.40625
17.03125 16.40625
17.1875 16.40625
17.34375 16.40625
17.5 16.40625
17.65625 16.40625
17.8125 16.40625
17.96875 16.40625
18.125 16.40625
18.28125 16.40625
18.4375 16.40625
18.59375 16.40625
18.75 16.40625
18.90625 16.40625
19.0625 16.40625
19.21875 16.40625
19.375 16.40625
19.53125 16.40625
19.6875 16.40625
19.84375 16.40625
20.0 16.40625
14.6875 16.25
14.84375 16.25
15.0 16.25
15.15625 16.25
15.3125 16.25
15.46875 16.25
15.625 16.25
15.78125 16.25
15.9375 16.25
16.09375 16.25
16.25 16.25
16.40625 16.25
16.5625 16.25
16.71875 16.25
16.875 16.25
17.03125 16.25
17.1875 16.25
17.34375 16.25
17.5 16.25
17.65625 16.25
17.8125 16.25
17.96875 16.25
18.125 16.25
18.28125 16.25
18.4375 16.25
18.59375 16.25
18.75 16.25
18.90625 16.25
19.0625 16.25
19.21875 16.25
19.375 16.25
19.53125 16.25
19.6875 16.25
19.84375 16.25
20.0 16.25
14.375 16.09375
14.53125 16.09375
14.6875 16.09375
14.84375 16.09375
15.0 16.09375
15.15625 16.09375
15.3125 16.09375
15.46875 16.09375
15.625 16.09375
15.78125 16.09375
15.9375 16.09375
16.09375 16.09375
16.25 16.09375
16.40625 16.09375
16.5625 16.09375
16.71875 16.09375
16.875 16.09375
17.03125 16.09375
17.1875 16.09375
17.34375 16.09375
17.5 16.09375
17.65625 16.09375
17.8125 16.09375
17.96875 16.09375
18.125 16.09375
18.28125 16.09375
18.4375 16.09375
18.59375 16.09375
18.75 16.09375
18.90625 16.09375
19.0625 16.09375
19.21875 16.09375
19.375 16.09375
19.53125 16.09375
19.6875 16.09375
19.84375 16.09375
20.0 16.09375
14.0625 15.9375
14.21875 15.9375
14.375 15.9375
14.53125 15.9375
14.6875 15.9375
14.84375 15.9375
15.0 15.9375
15.15625 15.9375
15.3125 15.9375
15.46875 15.9375
15.625 15.9375
15.78125 15.9375
15.9375 15.9375
16.09375 15.9375
16.25 15.9375
16.40625 15.9375
16.5625 15.9375
16.71875 15.9375
16.875 15.9375
17.03125 15.9375
17.1875 15.9375
17.34375 15.9375
17.5 15.9375
17.65625 15.9375
17.8125 15.9375
17.96875 15.9375
18.125 15.9375
18.28125 15.9375
18.4375 15.9375
18.59375 15.9375
18.75 15.9375
18.90625 15.9375
19.0625 15.9375
19.21875 15.9375
19.375 15.9375
19.53125 15.9375
19.6875 15.9375
19.84375 15.9375
20.0 15.9375
13.75 15.78125
13.90625 15.78125
14.0625 15.78125
14.21875 15.78125
14.375 15.78125
14.53125 15.78125
14.6875 15.78125
14.84375 15.78125
15.0 15.78125
15.15625 15.78125
15.3125 15.78125
15.46875 15.78125
15.625 15.78125
15.78125 15.78125
15.9375 15.78125
16.09375 15.78125
16.25 15.78125
16.40625 15.78125
16.5625 15.78125
16.71875 15.78125
16.875 15.78125
17.03125 15.78125
17.1875 15.78125
17.34375 15.78125
17.5 15.78125
17.65625 15.78125
17.8125 15.78125
17.96875 15.78125
18.125 15.78125
18.28125 15.78125
18.4375 15.78125
18.59375 15.78125
18.75 15.78125
18.90625 15.78125
19.0625 15.78125
19.21875 15.78125
19.375 15.78125
19.53125 15.78125
19.6875 15.78125
13.4375 15.625
13.59375 15.625
13.75 15.625
13.90625 15.625
14.0625 15.625
14.21875 15.625
14.375 15.625
14.53125 15.625
14.6875 15.625
14.84375 15.625
15.0 15.625
15.15625 15.625
15.3125 15.625
15.46875 15.625
15.625 15.625
15.78125 15.625
15.9375 15.625
16.09375 15.625
16.25 15.625
16.40625 15.625
16.5625 15.625
16.71875 15.625
16.875 15.625
17.03125 15.625
17.1875 15.625
17.34375 15.625
17.5 15.625
17.65625 15.625
17.8125 15.625
17.96875 15.625
18.125 15.625
18.28125 15.625
18.4375 15.625
18.59375 15.625
18.75 15.625
18.90625 15.625
19.0625 15.625
19.21875 15.625
19.375 15.625
19.53125 15.625
13.125 15.46875
13.28125 15.46875
13.4375 15.46875
13.59375 15.46875
13.75 15.46875
13.90625 15.46875
14.0625 15.46875
14.21875 15.46875
14.375 15.46875
14.53125 15.46875
14.6875 15.46875
14.84375 15.46875
15.0 15.46875
15.15625 15.46875
15.3125 15.46875
15.46875 15.46875
15.625 15.46875
15.78125 15.46875
15.9375 15.46875
16.09375 15.46875
16.25 15.46875
16.40625 15.46875
16.5625 15.46875
16.71875 15.46875
16.875 15.46875
17.03125 15.46875
17.1875 15.46875
17.34375 15.46875
17.5 15.46875
17.65625 15.46875
17.8125 15.46875
17.96875 15.46875
18.125 15.46875
18.28125 15.46875
18.4375 15.46875
18.59375 15.46875
18.75 15.46875
18.90625 15.46875
19.0625 15.46875
19.21875 15.46875
12.8125 15.3125
12.96875 15.3125
13.125 15.3125
13.28125 15.3125
13.4375 15.3125
13.59375 15.3125
13.75 15.3125
13.90625 15.3125
14.0625 15.3125
14.21875 15.3125
14.375 15.3125
14.53125 15.3125
14.6875 15.3125
14.84375 15.3125
15.0 15.3125
15.15625 15.3125
15.3125 15.3125
15.46875 15.3125
15.625 15.3125
15.78125 15.3125
15.9375 15.3125
16.09375 15.3125
16.25 15.3125
16.40625 15.3125
16.5625 15.3125
16.71875 15.3125
16.875 15.3125
17.03125 15.3125
17.1875 15.3125
17.34375 15.3125
17.5 15.3125
17.65625 15.3125
17.8125 15.3125
17.96875 15.3125
18.125 15.3125
18.28125 15.3125
18.4375 15.3125
18.59375 15.3125
18.75 15.3125
18.90625 15.3125
12.65625 15.15625
12.8125 15.15625
12.96875 15.15625
13.125 15.15625
13.28125 15.15625
13.4375 15.15625
13.59375 15.15625
13.75 15.15625
13.90625 15.15625
14.0625 15.15625
14.21875 15.15625
14.375 15.15625
14.53125 15.15625
14.6875 15.15625
14.84375 15.15625
15.0 15.15625
15.15625 15.15625
15.3125 15.15625
15.46875 15.15625
15.625 15.15625
15.78125 15.15625
15.9375 15.15625
16.09375 15.15625
16.25 15.15625
16.40625 15.15625
16.5625 15.15625
16.71875 15.15625
16.875 15.15625
17.03125 15.15625
17.1875 15.15625
17.34375 15.15625
17.5 15.15625
17.65625 15.15625
17.8125 15.15625
17.96875 15.15625
18.125 15.15625
18.28125 15.15625
18.4375 15.15625
18.59375 15.15625
12.34375 15.0
12.5 15.0
12.65625 15.0
12.8125 15.0
12.96875 15.0
13.125 15.0
13.28125 15.0
13.4375 15.0
13.59375 15.0
13.75 15.0
13.90625 15.0
14.0625 15.0
14.21875 15.0
14.375 15.0
14.53125 15.0
14.6875 15.0
14.84375 15.0
15.0 15.0
15.15625 15.0
15.3125 15.0
15.46875 15.0
15.625 15.0
15.78125 15.0
15.9375 15.0
16.09375 15.0
16.25 15.0
16.40625 15.0
16.5625 15.0
16.71875 15.0
16.875 15.0
17.03125 15.0
17.1875 15.0
17.34375 15.0
17.5 15.0
17.65625 15.0
17.8125 15.0
17.96875 15.0
18.125 15.0
18.28125 15.0
12.03125 14.84375
12.1875 14.84375
12.34375 14.84375
12.5 14.84375
12.65625 14.84375
12.8125 14.84375
12.96875 14.84375
13.125 14.84375
13.28125 14.84375
13.4375 14.84375
13.59375 14.84375
13.75 14.84375
13.90625 14.84375
14.0625 14.84375
14.21875 14.84375
14.375 14.84375
14.53125 14.84375
14.6875 14.84375
14.84375 14.84375
15.0 14.84375
15.15625 14.84375
15.3125 14.84375
15.46875 14.84375
15.625 14.84375
15.78125 14.84375
15.9375 14.84375
16.09375 14.84375
16.25 14.84375
16.40625 14.84375
16.5625 14.84375
16.71875 14.84375
16.875 14.84375
17.03125 14.84375
17.1875 14.84375
17.34375 14.84375
17.5 14.84375
17.65625 14.84375
17.8125 14.84375
17.96875 14.84375
11.71875 14.6875
11.875 14.6875
12.03125 14.6875
12.1875 14.6875
12.34375 14.6875
12.5 14.6875
12.65625 14.6875
12.8125 14.6875
12.96875 14.6875
13.125 14.6875
13.28125 14.6875
13.4375 14.6875
13.59375 14.6875
13.75 14.6875
13.90625 14.6875
14.0625 14.6875
14.21875 14.6875
14.375 14.6875
14.53125 14.6875
14.6875 14.6875
14.84375 14.6875
15.0 14.6875
15.15625 14.6875
15.3125 14.6875
15.46875 14.6875
15.625 14.6875
15.78125 14.6875
15.9375 14.6875
16.09375 14.6875
16.25 14.6875
16.40625 14.6875
16.5625 14.6875
16.71875 14.6875
16.875 14.6875
17.03125 14.6875
17.1875 14.6875
17.34375 14.6875
17.5 14.6875
17.65625 14.6875
11.40625 14.53125
11.5625 14.53125
11.71875 14.53125
11.875 14.53125
12.03125 14.53125
12.1875 14.53125
12.34375 14.53125
12.5 14.53125
12.65625 14.53125
12.8125 14.53125
12.96875 14.53125
13.125 14.53125
13.28125 14.53125
13.4375 14.53125
13.59375 14.53125
13.75 14.53125
13.90625 14.53125
14.0625 14.53125
14.21875 14.53125
14.375 14.53125
14.53125 14.53125
14.6875 14.53125
14.84375 14.53125
15.0 14.53125
15.15625 14.53125
15.3125 14.53125
15.46875 14.53125
15.625 14.53125
15.78125 14.53125
15.9375 14.53125
16.09375 14.53125
16.25 14.53125
16.40625 14.53125
16.5625 14.53125
16.71875 14.53125
16.875 14.53125
17.03125 14.53125
17.1875 14.53125
17.34375 14.53125
11.09375 14.375
11.25 14.375
11.40625 14.375
11.5625 14.375
11.71875 14.375
11.875 14.375
12.03125 14.375
12.1875 14.375
12.34375 14.375
12.5 14.375
12.65625 14.375
12.8125 14.375
12.96875 14.375
13.125 14.375
13.28125 14.375
13.4375 14.375
13.59375 14.375
13.75 14.375
13.90625 14.375
14.0625 14.375
14.21875 14.375
14.375 14.375
14.53125 14.375
14.6875 14.375
14.84375 14.375
15.0 14.375
15.15625 14.375
15.3125 14.375
15.46875 14.375
15.625 14.375
15.78125 14.375
15.9375 14.375
16.09375 14.375
16.25 14.375
16.40625 14.375
16.5625 14.375
16.71875 14.375
16.875 14.375
17.03125 14.375
10.78125 14.21875
10.9375 14.21875
11.09375 14.21875
11.25 14.21875
11.40625 14.21875
11.5625 14.21875
11.71875 14.21875
11.875 14.21875
12.03125 14.21875
12.1875 14.21875
12.34375 14.21875
12.5 14.21875
12.65625 14.21875
12.8125 14.21875
12.96875 14.21875
13.125 14.21875
13.28125 14.21875
13.4375 14.21875
13.59375 14.21875
13.75 14.21875
13.90625 14.21875
14.0625 14.21875
14.21875 14.21875
14.375 14.21875
14.53125 14.21875
14.6875 14.21875
14.84375 14.21875
15.0 14.21875
15.15625 14.21875
15.3125 14.21875
15.46875 14.21875
15.625 14.21875
15.78125 14.21875
15.9375 14.21875
16.09375 14.21875
16.25 14.21875
16.40625 14.21875
16.5625 14.21875
16.71875 14.21875
10.46875 14.0625
10.625 14.0625
10.78125 14.0625
10.9375 14.0625
11.09375 14.0625
11.25 14.0625
11.40625 14.0625
11.5625 14.0625
11.71875 14.0625
11.875 14.0625
12.03125 14.0625
12.1875 14.0625
12.34375 14.0625
12.5 14.0625
12.65625 14.0625
12.8125 14.0625
12.96875 14.0625
13.125 14.0625
13.28125 14.0625
13.4375 14.0625
13.59375 14.0625
13.75 14.0625
13.90625 14.0625
14.0625 14.0625
14.21875 14.0625
14.375 14.0625
14.53125 14.0625
14.6875 14.0625
14.84375 14.0625
15.0 14.0625
15.15625 14.0625
15.3125 14.0625
15.46875 14.0625
15.625 14.0625
15.78125 14.0625
15.9375 14.0625
16.09375 14.0625
16.25 14.0625
16.40625 14.0625
10.3125 13.90625
10.46875 13.90625
10.625 13.90625
10.78125 13.90625
10.9375 13.90625
11.09375 13.90625
11.25 13.90625
11.40625 13.90625
11.5625 13.90625
11.71875 13.90625
11.875 13.90625
12.03125 13.90625
12.1875 13.90625
12.34375 13.90625
12.5 13.90625
12.65625 13.90625
12.8125 13.90625
12.96875 13.90625
13.125 13.90625
13.28125 13.90625
13.4375 13.90625
13.59375 13.90625
13.75 13.90625
13.90625 13.90625
14.0625 13.90625
14.21875 13.90625
14.375 13.90625
14.53125 13.90625
14.6875 13.90625
14.84375 13.90625
15.0 13.90625
15.15625 13.90625
15.3125 13.90625
15.46875 13.90625
15.625 13.90625
15.78125 13.90625
15.9375 13.90625
16.09375 13.90625
10.0 13.75
10.15625 13.75
10.3125 13.75
10.46875 13.75
10.625 13.75
10.78125 13.75
10.9375 13.75
11.09375 13.75
11.25 13.75
11.40625 13.75
11.5625 13.75
11.71875 13.75
11.875 13.75
12.03125 13.75
12.1875 13.75
12.34375 13.75
12.5 13.75
12.65625 13.75
12.8125 13.75
12.96875 13.75
13.125 13.75
13.28125 13.75
13.4375 13.75
13.59375 13.75
13.75 13.75
13.90625 13.75
14.0625 13.75
14.21875 13.75
14.375 13.75
14.53125 13.75
14.6875 13.75
14.84375 13.75
15.0 13.75
15.15625 13.75
15.3125 13.75
15.46875 13.75
15.625 13.75
15.78125 13.75
9.6875 13.59375
9.84375 13.59375
10.0 13.59375
10.15625 13.59375
10.3125 13.59375
10.46875 13.59375
10.625 13.59375
10.78125 13.59375
10.9375 13.59375
11.09375 13.59375
11.25 13.59375
11.40625 13.59375
11.5625 13.59375
11.71875 13.59375
11.875 13.59375
12.03125 13.59375
12.1875 13.59375
12.34375 13.59375
12.5 13.59375
12.65625 13.59375
12.8125 13.59375
12.96875 13.59375
13.125 13.59375
13.28125 13.59375
13.4375 13.59375
13.59375 13.59375
13.75 13.59375
13.90625 13.59375
14.0625 13.59375
14.21875 13.59375
14.375 13.59375
14.53125 13.59375
14.6875 13.59375
14.84375 13.59375
15.0 13.59375
15.15625 13.59375
15.3125 13.59375
15.46875 13.59375
15.625 13.59375
9.375 13.4375
9.53125 13.4375
9.6875 13.4375
9.84375 13.4375
10.0 13.4375
10.15625 13.4375
10.3125 13.4375
10.46875 13.4375
10.625 13.4375
10.78125 13.4375
10.9375 13.4375
11.09375 13.4375
11.25 13.4375
11.40625 13.4375
11.5625 13.4375
11.71875 13.4375
11.875 13.4375
12.03125 13.4375
12.1875 13.4375
12.34375 13.4375
12.5 13.4375
12.65625 13.4375
12.8125 13.4375
12.96875 13.4375
13.125 13.4375
13.28125 13.4375
13.4375 13.4375
13.59375 13.4375
13.75 13.4375
13.90625 13.4375
14.0625 13.4375
14.21875 13.4375
14.375 13.4375
14.53125 13.4375
14.6875 13.4375
14.84375 13.4375
15.0 13.4375
15.15625 13.4375
15.3125 13.4375
9.0625 13.28125
9.21875 13.28125
9.375 13.28125
9.53125 13.28125
9.6875 13.28125
9.84375 13.28125
10.0 13.28125
10.15625 13.28125
10.3125 13.28125
10.46875 13.28125
10.625 13.28125
10.78125 13.28125
10.9375 13.28125
11.09375 13.28125
11.25 13.28125
11.40625 13.28125
11.5625 13.28125
11.71875 13.28125
11.875 13.28125
12.03125 13.28125
12.1875 13.28125
12.34375 13.28125
12.5 13.28125
12.65625 13.28125
12.8125 13.28125
12.96875 13.28125
13.125 13.28125
13.28125 13.28125
13.4375 13.28125
13.59375 13.28125
13.75 13.28125
13.90625 13.28125
14.0625 13.28125
14.21875 13.28125
14.375 13.28125
14.53125 13.28125
14.6875 13.28125
14.84375 13.28125
15.0 13.28125
8.75 13.125
8.90625 13.125
9.0625 13.125
9.21875 13.125
9.375 13.125
9.53125 13.125
9.6875 13.125
9.84375 13.125
10.0 13.125
10.15625 13.125
10.3125 13.125
10.46875 13.125
10.625 13.125
10.78125 13.125
10.9375 13.125
11.09375 13.125
11.25 13.125
11.40625 13.125
11.5625 13.125
11.71875 13.125
11.875 13.125
12.03125 13.125
12.1875 13.125
12.34375 13.125
12.5 13.125
12.65625 13.125
12.8125 13.125
12.96875 13.125
13.125 13.125
13.28125 13.125
13.4375 13.125
13.59375 13.125
13.75 13.125
13.90625 13.125
14.0625 13.125
14.21875 13.125
14.375 13.125
14.53125 13.125
14.6875 13.125
8.4375 12.96875
8.59375 12.96875
8.75 12.96875
8.90625 12.96875
9.0625 12.96875
9.21875 12.96875
9.375 12.96875
9.53125 12.96875
9.6875 12.96875
9.84375 12.96875
10.0 12.96875
10.15625 12.96875
10.3125 12.96875
10.46875 12.96875
10.625 12.96875
10.78125 12.96875
10.9375 12.96875
11.09375 12.96875
11.25 12.96875
11.40625 12.96875
11.5625 12.96875
11.71875 12.96875
11.875 12.96875
12.03125 12.96875
12.1875 12.96875
12.34375 12.96875
12.5 12.96875
12.65625 12.96875
12.8125 12.96875
12.96875 12.96875
13.125 12.96875
13.28125 12.96875
13.4375 12.96875
13.59375 12.96875
13.75 12.96875
13.90625 12.96875
14.0625 12.96875
14.21875 12.96875
14.375 12.96875
8.125 12.8125
8.28125 12.8125
8.4375 12.8125
8.59375 12.8125
8.75 12.8125
8.90625 12.8125
9.0625 12.8125
9.21875 12.8125
9.375 12.8125
9.53125 12.8125
9.6875 12.8125
9.84375 12.8125
10.0 12.8125
10.15625 12.8125
10.3125 12.8125
10.46875 12.8125
10.625 12.8125
10.78125 12.8125
10.9375 12.8125
11.09375 12.8125
11.25 12.8125
11.40625 12.8125
11.5625 12.8125
11.71875 12.8125
11.875 12.8125
12.03125 12.8125
12.1875 12.8125
12.34375 12.8125
12.5 12.8125
12.65625 12.8125
12.8125 12.8125
12.96875 12.8125
13.125 12.8125
13.28125 12.8125
13.4375 12.8125
13.59375 12.8125
13.75 12.8125
13.90625 12.8125
14.0625 12.8125
7.96875 12.65625
8.125 12.65625
8.28125 12.65625
8.4375 12.65625
8.59375 12.65625
8.75 12.65625
8.90625 12.65625
9.0625 12.65625
9.21875 12.65625
9.375 12.65625
9.53125 12.65625
9.6875 12.65625
9.84375 12.65625
10.0 12.65625
10.15625 12.65625
10.3125 12.65625
10.46875 12.65625
10.625 12.65625
10.78125 12.65625
10.9375 12.65625
11.09375 12.65625
11.25 12.65625
11.40625 12.65625
11.5625 12.65625
11.71875 12.65625
11.875 12.65625
12.03125 12.65625
12.1875 12.65625
12.34375 12.65625
12.5 12.65625
12.65625 12.65625
12.8125 12.65625
12.96875 12.65625
13.125 12.65625
13.28125 12.65625
13.4375 12.65625
13.59375 12.65625
13.75 12.65625
7.65625 12.5
7.8125 12.5
7.96875 12.5
8.125 12.5
8.28125 12.5
8.4375 12.5
8.59375 12.5
8.75 12.5
8.90625 12.5
9.0625 12.5
9.21875 12.5
9.375 12.5
9.53125 12.5
9.6875 12.5
9.84375 12.5
10.0 12.5
10.15625 12.5
10.3125 12.5
10.46875 12.5
10.625 12.5
10.78125 12.5
10.9375 12.5
11.09375 12.5
11.25 12.5
11.40625 12.5
11.5625 12.5
11.71875 12.5
11.875 12.5
12.03125 12.5
12.1875 12.5
12.34375 12.5
12.5 12.5
12.65625 12.5
12.8125 12.5
12.96875 12.5
13.125 12.5
13.28125 12.5
13.4375 12.5
7.34375 12.34375
7.5 12.34375
7.65625 12.34375
7.8125 12.34375
7.96875 12.34375
8.125 12.34375
8.28125 12.34375
8.4375 12.34375
8.59375 12.34375
8.75 12.34375
8.90625 12.34375
9.0625 12.34375
9.21875 12.34375
9.375 12.34375
9.53125 12.34375
9.6875 12.34375
9.84375 12.34375
10.0 12.34375
10.15625 12.34375
10.3125 12.34375
10.46875 12.34375
10.625 12.34375
10.78125 12.34375
10.9375 12.34375
11.09375 12.34375
11.25 12.34375
11.40625 12.34375
11.5625 12.34375
11.71875 12.34375
11.875 12.34375
12.03125 12.34375
12.1875 12.34375
12.34375 12.34375
12.5 12.34375
12.65625 12.34375
12.8125 12.34375
12.96875 12.34375
13.125 12.34375
7.03125 12.1875
7.1875 12.1875
7.34375 12.1875
7.5 12.1875
7.65625 12.1875
7.8125 12.1875
7.96875 12.1875
8.125 12.1875
8.28125 12.1875
8.4375 12.1875
8.59375 12.1875
8.75 12.1875
8.90625 12.1875
9.0625 12.1875
9.21875 12.1875
9.375 12.1875
9.53125 12.1875
9.6875 12.1875
9.84375 12.1875
10.0 12.1875
10.15625 12.1875
10.3125 12.1875
10.46875 12.1875
10.625 12.1875
10.78125 12.1875
10.9375 12.1875
11.09375 12.1875
11.25 12.1875
11.40625 12.1875
11.5625 12.1875
11.71875 12.1875
11.875 12.1875
12.03125 12.1875
12.1875 12.1875
12.34375 12.1875
12.5 12.1875
12.65625 12.1875
12.8125 12.1875
6.71875 12.03125
6.875 12.03125
7.03125 12.03125
7.1875 12.03125
7.34375 12.03125
7.5 12.03125
7.65625 12.03125
7.8125 12.03125
7.96875 12.03125
8.125 12.03125
8.28125 12.03125
8.4375 12.03125
8.59375 12.03125
8.75 12.03125
8.90625 12.03125
9.0625 12.03125
9.21875 12.03125
9.375 12.03125
9.53125 12.03125
9.6875 12.03125
9.84375 12.03125
10.0 12.03125
10.15625 12.03125
10.3125 12.03125
10.46875 12.03125
10.625 12.03125
10.78125 12.03125
10.9375 12.03125
11.09375 12.03125
11.25 12.03125
11.40625 12.03125
11.5625 12.03125
11.71875 12.03125
11.875 12.03125
12.03125 12.03125
12.1875 12.03125
12.34375 12.03125
12.5 12.03125
6.40625 11.875
6.5625 11.875
6.71875 11.875
6.875 11.875
7.03125 11.875
7.1875 11.875
7.34375 11.875
7.5 11.875
7.65625 11.875
7.8125 11.875
7.96875 11.875
8.125 11.875
8.28125 11.875
8.4375 11.875
8.59375 11.875
8.75 11.875
8.90625 11.875
9.0625 11.875
9.21875 11.875
9.375 11.875
9.53125 11.875
9.6875 11.875
9.84375 11.875
10.0 11.875
10.15625 11.875
10.3125 11.875
10.46875 11.875
10.625 11.875
10.78125 11.875
10.9375 11.875
11.09375 11.875
11.25 11.875
11.40625 11.875
11.5625 11.875
11.71875 11.875
11.875 11.875
12.03125 11.875
12.1875 11.875
6.09375 11.71875
6.25 11.71875
6.40625 11.71875
6.5625 11.71875
6.71875 11.71875
6.875 11.71875
7.03125 11.71875
7.1875 11.71875
7.34375 11.71875
7.5 11.71875
7.65625 11.71875
7.8125 11.71875
7.96875 11.71875
8.125 11.71875
8.28125 11.71875
8.4375 11.71875
8.59375 11.71875
8.75 11.71875
8.90625 11.71875
9.0625 11.71875
9.21875 11.71875
9.375 11.71875
9.53125 11.71875
9.6875 11.71875
9.84375 11.71875
10.0 11.71875
10.15625 11.71875
10.3125 11.71875
10.46875 11.71875
10.625 11.71875
10.78125 11.71875
10.9375 11.71875
11.09375 11.71875
11.25 11.71875
11.40625 11.71875
11.5625 11.71875
11.71875 11.71875
11.875 11.71875
5.78125 11.5625
5.9375 11.5625
6.09375 11.5625
6.25 11.5625
6.40625 11.5625
6.5625 11.5625
6.71875 11.5625
6.875 11.5625
7.03125 11.5625
7.1875 11.5625
7.34375 11.5625
7.5 11.5625
7.65625 11.5625
7.8125 11.5625
7.96875 11.5625
8.125 11.5625
8.28125 11.5625
8.4375 11.5625
8.59375 11.5625
8.75 11.5625
8.90625 11.5625
9.0625 11.5625
9.21875 11.5625
9.375 11.5625
9.53125 11.5625
9.6875 11.5625
9.84375 11.5625
10.0 11.5625
10.15625 11.5625
10.3125 11.5625
10.46875 11.5625
10.625 11.5625
10.78125 11.5625
10.9375 11.5625
11.09375 11.5625
11.25 11.5625
11.40625 11.5625
11.5625 11.5625
5.46875 11.40625
5.625 11.40625
5.78125 11.40625
5.9375 11.40625
6.09375 11.40625
6.25 11.40625
6.40625 11.40625
6.5625 11.40625
6.71875 11.40625
6.875 11.40625
7.03125 11.40625
7.1875 11.40625
7.34375 11.40625
7.5 11.40625
7.65625 11.40625
7.8125 11.40625
7.96875 11.40625
8.125 11.40625
8.28125 11.40625
8.4375 11.40625
8.59375 11.40625
8.75 11.40625
8.90625 11.40625
9.0625 11.40625
9.21875 11.40625
9.375 11.40625
9.53125 11.40625
9.6875 11.40625
9.84375 11.40625
10.0 11.40625
10.15625 11.40625
10.3125 11.40625
10.46875 11.40625
10.625 11.40625
10.78125 11.40625
10.9375 11.40625
11.09375 11.40625
11.25 11.40625
5.3125 11.25
5.46875 11.25
5.625 11.25
5.78125 11.25
5.9375 11.25
6.09375 11.25
6.25 11.25
6.40625 11.25
6.5625 11.25
6.71875 11.25
6.875 11.25
7.03125 11.25
7.1875 11.25
7.34375 11.25
7.5 11.25
7.65625 11.25
7.8125 11.25
7.96875 11.25
8.125 11.25
8.28125 11.25
8.4375 11.25
8.59375 11.25
8.75 11.25
8.90625 11.25
9.0625 11.25
9.21875 11.25
9.375 11.25
9.53125 11.25
9.6875 11.25
9.84375 11.25
10.0 11.25
10.15625 11.25
10.3125 11.25
10.46875 11.25
10.625 11.25
10.78125 11.25
10.9375 11.25
5.0 11.09375
5.15625 11.09375
5.3125 11.09375
5.46875 11.09375
5.625 11.09375
5.78125 11.09375
5.9375 11.09375
6.09375 11.09375
6.25 11.09375
6.40625 11.09375
6.5625 11.09375
6.71875 11.09375
6.875 11.09375
7.03125 11.09375
7.1875 11.09375
7.34375 11.09375
7.5 11.09375
7.65625 11.09375
7.8125 11.09375
7.96875 11.09375
8.125 11.09375
8.28125 11.09375
8.4375 11.09375
8.59375 11.09375
8.75 11.09375
8.90625 11.09375
9.0625 11.09375
9.21875 11.09375
9.375 11.09375
9.53125 11.09375
9.6875 11.09375
9.84375 11.09375
10.0 11.09375
10.15625 11.09375
10.3125 11.09375
10.46875 11.09375
10.625 11.09375
4.6875 10.9375
4.84375 10.9375
5.0 10.9375
5.15625 10.9375
5.3125 10.9375
5.46875 10.9375
5.625 10.9375
5.78125 10.9375
5.9375 10.9375
6.09375 10.9375
6.25 10.9375
6.40625 10.9375
6.5625 10.9375
6.71875 10.9375
6.875 10.9375
7.03125 10.9375
7.1875 10.9375
7.34375 10.9375
7.5 10.9375
7.65625 10.9375
7.8125 10.9375
7.96875 10.9375
8.125 10.9375
8.28125 10.9375
8.4375 10.9375
8.59375 10.9375
8.75 10.9375
8.90625 10.9375
9.0625 10.9375
9.21875 10.9375
9.375 10.9375
9.53125 10.9375
9.6875 10.9375
9.84375 10.9375
10.0 10.9375
10.15625 10.9375
10.3125 10.9375
4.375 10.78125
4.53125 10.78125
4.6875 10.78125
4.84375 10.78125
5.0 10.78125
5.15625 10.78125
5.3125 10.78125
5.46875 10.78125
5.625 10.78125
5.78125 10.78125
5.9375 10.78125
6.09375 10.78125
6.25 10.78125
6.40625 10.78125
6.5625 10.78125
6.71875 10.78125
6.875 10.78125
7.03125 10.78125
7.1875 10.78125
7.34375 10.78125
7.5 10.78125
7.65625 10.78125
7.8125 10.78125
7.96875 10.78125
8.125 10.78125
8.28125 10.78125
8.4375 10.78125
8.59375 10.78125
8.75 10.78125
8.90625 10.78125
9.0625 10.78125
9.21875 10.78125
9.375 10.78125
9.53125 10.78125
9.6875 10.78125
9.84375 10.78125
10.0 10.78125
4.0625 10.625
4.21875 10.625
4.375 10.625
4.53125 10.625
4.6875 10.625
4.84375 10.625
5.0 10.625
5.15625 10.625
5.3125 10.625
5.46875 10.625
5.625 10.625
5.78125 10.625
5.9375 10.625
6.09375 10.625
6.25 10.625
6.40625 10.625
6.5625 10.625
6.71875 10.625
6.875 10.625
7.03125 10.625
7.1875 10.625
7.34375 10.625
7.5 10.625
7.65625 10.625
7.8125 10.625
7.96875 10.625
8.125 10.625
8.28125 10.625
8.4375 10.625
8.59375 10.625
8.75 10.625
8.90625 10.625
9.0625 10.625
9.21875 10.625
9.375 10.625
9.53125 10.625
9.6875 10.625
3.75 10.46875
3.90625 10.46875
4.0625 10.46875
4.21875 10.46875
4.375 10.46875
4.53125 10.46875
4.6875 10.46875
4.84375 10.46875
5.0 10.46875
5.15625 10.46875
5.3125 10.46875
5.46875 10.46875
5.625 10.46875
5.78125 10.46875
5.9375 10.46875
6.09375 10.46875
6.25 10.46875
6.40625 10.46875
6.5625 10.46875
6.71875 10.46875
6.875 10.46875
7.03125 10.46875
7.1875 10.46875
7.34375 10.46875
7.5 10.46875
7.65625 10.46875
7.8125 10.46875
7.96875 10.46875
8.125 10.46875
8.28125 10.46875
8.4375 10.46875
8.59375 10.46875
8.75 10.46875
8.90625 10.46875
9.0625 10.46875
9.21875 10.46875
9.375 10.46875
3.4375 10.3125
3.59375 10.3125
3.75 10.3125
3.90625 10.3125
4.0625 10.3125
4.21875 10.3125
4.375 10.3125
4.53125 10.3125
4.6875 10.3125
4.84375 10.3125
5.0 10.3125
5.15625 10.3125
5.3125 10.3125
5.46875 10.3125
5.625 10.3125
5.78125 10.3125
5.9375 10.3125
6.09375 10.3125
6.25 10.3125
6.40625 10.3125
6.5625 10.3125
6.71875 10.3125
6.875 10.3125
7.03125 10.3125
7.1875 10.3125
7.34375 10.3125
7.5 10.3125
7.65625 10.3125
7.8125 10.3125
7.96875 10.3125
8.125 10.3125
8.28125 10.3125
8.4375 10.3125
8.59375 10.3125
8.75 10.3125
8.90625 10.3125
9.0625 10.3125
3.125 10.15625
3.28125 10.15625
3.4375 10.15625
3.59375 10.15625
3.75 10.15625
3.90625 10.15625
4.0625 10.15625
4.21875 10.15625
4.375 10.15625
4.53125 10.15625
4.6875 10.15625
4.84375 10.15625
5.0 10.15625
5.15625 10.15625
5.3125 10.15625
5.46875 10.15625
5.625 10.15625
5.78125 10.15625
5.9375 10.15625
6.09375 10.15625
6.25 10.15625
6.40625 10.15625
6.5625 10.15625
6.71875 10.15625
6.875 10.15625
7.03125 10.15625
7.1875 10.15625
7.34375 10.15625
7.5 10.15625
7.65625 10.15625
7.8125 10.15625
7.96875 10.15625
8.125 10.15625
8.28125 10.15625
8.4375 10.15625
8.59375 10.15625
8.75 10.15625
2.96875 10.0
3.125 10.0
3.28125 10.0
3.4375 10.0
3.59375 10.0
3.75 10.0
3.90625 10.0
4.0625 10.0
4.21875 10.0
4.375 10.0
4.53125 10.0
4.6875 10.0
4.84375 10.0
5.0 10.0
5.15625 10.0
5.3125 10.0
5.46875 10.0
5.625 10.0
5.78125 10.0
5.9375 10.0
6.09375 10.0
6.25 10.0
6.40625 10.0
6.5625 10.0
6.71875 10.0
6.875 10.0
7.03125 10.0
7.1875 10.0
7.34375 10.0
7.5 10.0
7.65625 10.0
7.8125 10.0
7.96875 10.0
8.125 10.0
8.28125 10.0
8.4375 10.0
2.65625 9.84375
2.8125 9.84375
2.96875 9.84375
3.125 9.84375
3.28125 9.84375
3.4375 9.84375
3.59375 9.84375
3.75 9.84375
3.90625 9.84375
4.0625 9.84375
4.21875 9.84375
4.375 9.84375
4.53125 9.84375
4.6875 9.84375
4.84375 9.84375
5.0 9.84375
5.15625 9.84375
5.3125 9.84375
5.46875 9.84375
5.625 9.84375
5.78125 9.84375
5.9375 9.84375
6.09375 9.84375
6.25 9.84375
6.40625 9.84375
6.5625 9.84375
6.71875 9.84375
6.875 9.84375
7.03125 9.84375
7.1875 9.84375
7.34375 9.84375
7.5 9.84375
7.65625 9.84375
7.8125 9.84375
7.96875 9.84375
8.125 9.84375
2.34375 9.6875
2.5 9.6875
2.65625 9.6875
2.8125 9.6875
2.96875 9.6875
3.125 9.6875
3.28125 9.6875
3.4375 9.6875
3.59375 9.6875
3.75 9.6875
3.90625 9.6875
4.0625 9.6875
4.21875 9.6875
4.375 9.6875
4.53125 9.6875
4.6875 9.6875
4.84375 9.6875
5.0 9.6875
5.15625 9.6875
5.3125 9.6875
5.46875 9.6875
5.625 9.6875
5.78125 9.6875
5.9375 9.6875
6.09375 9.6875
6.25 9.6875
6.40625 9.6875
6.5625 9.6875
6.71875 9.6875
6.875 9.6875
7.03125 9.6875
7.1875 9.6875
7.34375 9.6875
7.5 9.6875
7.65625 9.6875
7.8125 9.6875
2.03125 9.53125
2.1875 9.53125
2.34375 9.53125
2.5 9.53125
2.65625 9.53125
2.8125 9.53125
2.96875 9.53125
3.125 9.53125
3.28125 9.53125
3.4375 9.53125
3.59375 9.53125
3.75 9.53125
3.90625 9.53125
4.0625 9.53125
4.21875 9.53125
4.375 9.53125
4.53125 9.53125
4.6875 9.53125
4.84375 9.53125
5.0 9.53125
5.15625 9.53125
5.3125 9.53125
5.46875 9.53125
5.625 9.53125
5.78125 9.53125
5.9375 9.53125
6.09375 9.53125
6.25 9.53125
6.40625 9.53125
6.5625 9.53125
6.71875 9.53125
6.875 9.53125
7.03125 9.53125
7.1875 9.53125
7.34375 9.53125
7.5 9.53125
1.71875 9.375
1.875 9.375
2.03125 9.375
2.1875 9.375
2.34375 9.375
2.5 9.375
2.65625 9.375
2.8125 9.375
2.96875 9.375
3.125 9.375
3.28125 9.375
3.4375 9.375
3.59375 9.375
3.75 9.375
3.90625 9.375
4.0625 9.375
4.21875 9.375
4.375 9.375
4.53125 9.375
4.6875 9.375
4.84375 9.375
5.0 9.375
5.15625 9.375
5.3125 9.375
5.46875 9.375
5.625 9.375
5.78125 9.375
5.9375 9.375
6.09375 9.375
6.25 9.375
6.40625 9.375
6.5625 9.375
6.71875 9.375
6.875 9.375
7.03125 9.375
7.1875 9.375
1.40625 9.21875
1.5625 9.21875
1.71875 9.21875
1.875 9.21875
2.03125 9.21875
2.1875 9.21875
2.34375 9.21875
2.5 9.21875
2.65625 9.21875
2.8125 9.21875
2.96875 9.21875
3.125 9.21875
3.28125 9.21875
3.4375 9.21875
3.59375 9.21875
3.75 9.21875
3.90625 9.21875
4.0625 9.21875
4.21875 9.21875
4.375 9.21875
4.53125 9.21875
4.6875 9.21875
4.84375 9.21875
5.0 9.21875
5.15625 9.21875
5.3125 9.21875
5.46875 9.21875
5.625 9.21875
5.78125 9.21875
5.9375 9.21875
6.09375 9.21875
6.25 9.21875
6.40625 9.21875
6.5625 9.21875
6.71875 9.21875
6.875 9.21875
7.03125 9.21875
1.09375 9.0625
1.25 9.0625
1.40625 9.0625
1.5625 9.0625
1.71875 9.0625
1.875 9.0625
2.03125 9.0625
2.1875 9.0625
2.34375 9.0625
2.5 9.0625
2.65625 9.0625
2.8125 9.0625
2.96875 9.0625
3.125 9.0625
3.28125 9.0625
3.4375 9.0625
3.59375 9.0625
3.75 9.0625
3.90625 9.0625
4.0625 9.0625
4.21875 9.0625
4.375 9.0625
4.53125 9.0625
4.6875 9.0625
4.84375 9.0625
5.0 9.0625
5.15625 9.0625
5.3125 9.0625
5.46875 9.0625
5.625 9.0625
5.78125 9.0625
5.9375 9.0625
6.09375 9.0625
6.25 9.0625
6.40625 9.0625
6.5625 9.0625
6.71875 9.0625
0.78125 8.90625
0.9375 8.90625
1.09375 8.90625
1.25 8.90625
1.40625 8.90625
1.5625 8.90625
1.71875 8.90625
1.875 8.90625
2.03125 8.90625
2.1875 8.90625
2.34375 8.90625
2.5 8.90625
2.65625 8.90625
2.8125 8.90625
2.96875 8.90625
3.125 8.90625
3.28125 8.90625
3.4375 8.90625
3.59375 8.90625
3.75 8.90625
3.90625 8.90625
4.0625 8.90625
4.21875 8.90625
4.375 8.90625
4.53125 8.90625
4.6875 8.90625
4.84375 8.90625
5.0 8.90625
5.15625 8.90625
5.3125 8.90625
5.46875 8.90625
5.625 8.90625
5.78125 8.90625
5.9375 8.90625
6.09375 8.90625
6.25 8.90625
6.40625 8.90625
0.625 8.75
0.78125 8.75
0.9375 8.75
1.09375 8.75
1.25 8.75
1.40625 8.75
1.5625 8.75
1.71875 8.75
1.875 8.75
2.03125 8.75
2.1875 8.75
2.34375 8.75
2.5 8.75
2.65625 8.75
2.8125 8.75
2.96875 8.75
3.125 8.75
3.28125 8.75
3.4375 8.75
3.59375 8.75
3.75 8.75
3.90625 8.75
4.0625 8.75
4.21875 8.75
4.375 8.75
4.53125 8.75
4.6875 8.75
4.84375 8.75
5.0 8.75
5.15625 8.75
5.3125 8.75
5.46875 8.75
5.625 8.75
5.78125 8.75
5.9375 8.75
6.09375 8.75
0.3125 8.59375
0.46875 8.59375
0.625 8.59375
0.78125 8.59375
0.9375 8.59375
1.09375 8.59375
1.25 8.59375
1.40625 8.59375
1.5625 8.59375
1.71875 8.59375
1.875 8.59375
2.03125 8.59375
2.1875 8.59375
2.34375 8.59375
2.5 8.59375
2.65625 8.59375
2.8125 8.59375
2.96875 8.59375
3.125 8.59375
3.28125 8.59375
3.4375 8.59375
3.59375 8.59375
3.75 8.59375
3.90625 8.59375
4.0625 8.59375
4.21875 8.59375
4.375 8.59375
4.53125 8.59375
4.6875 8.59375
4.84375 8.59375
5.0 8.59375
5.15625 8.59375
5.3125 8.59375
5.46875 8.59375
5.625 8.59375
5.78125 8.59375
0.0 8.4375
0.15625 8.4375
0.3125 8.4375
0.46875 8.4375
0.625 8.4375
0.78125 8.4375
0.9375 8.4375
1.09375 8.4375
1.25 8.4375
1.40625 8.4375
1.5625 8.4375
1.71875 8.4375
1.875 8.4375
2.03125 8.4375
2.1875 8.4375
2.34375 8.4375
2.5 8.4375
2.65625 8.4375
2.8125 8.4375
2.96875 8.4375
3.125 8.4375
3.28125 8.4375
3.4375 8.4375
3.59375 8.4375
3.75 8.4375
3.90625 8.4375
4.0625 8.4375
4.21875 8.4375
4.375 8.4375
4.53125 8.4375
4.6875 8.4375
4.84375 8.4375
5.0 8.4375
5.15625 8.4375
5.3125 8.4375
5.46875 8.4375
-0.3125 8.28125
-0.15625 8.28125
0.0 8.28125
0.15625 8.28125
0.3125 8.28125
0.46875 8.28125
0.625 8.28125
0.78125 8.28125
0.9375 8.28125
1.09375 8.28125
1.25 8.28125
1.40625 8.28125
1.5625 8.28125
1.71875 8.28125
1.875 8.28125
2.03125 8.28125
2.1875 8.28125
2.34375 8.28125
2.5 8.28125
2.65625 8.28125
2.8125 8.28125
2.96875 8.28125
3.125 8.28125
3.28125 8.28125
3.4375 8.28125
3.59375 8.28125
3.75 8.28125
3.90625 8.28125
4.0625 8.28125
4.21875 8.28125
4.375 8.28125
4.53125 8.28125
4.6875 8.28125
4.84375 8.28125
5.0 8.28125
5.15625 8.28125
-0.625 8.125
-0.46875 8.125
-0.3125 8.125
-0.15625 8.125
0.0 8.125
0.15625 8.125
0.3125 8.125
0.46875 8.125
0.625 8.125
0.78125 8.125
0.9375 8.125
1.09375 8.125
1.25 8.125
1.40625 8.125
1.5625 8.125
1.71875 8.125
1.875 8.125
2.03125 8.125
2.1875 8.125
2.34375 8.125
2.5 8.125
2.65625 8.125
2.8125 8.125
2.96875 8.125
3.125 8.125
3.28125 8.125
3.4375 8.125
3.59375 8.125
3.75 8.125
3.90625 8.125
4.0625 8.125
4.21875 8.125
4.375 8.125
4.53125 8.125
4.6875 8.125
4.84375 8.125
-0.9375 7.96875
-0.78125 7.96875
-0.625 7.96875
-0.46875 7.96875
-0.3125 7.96875
-0.15625 7.96875
0.0 7.96875
0.15625 7.96875
0.3125 7.96875
0.46875 7.96875
0.625 7.96875
0.78125 7.96875
0.9375 7.96875
1.09375 7.96875
1.25 7.96875
1.40625 7.96875
1.5625 7.96875
1.71875 7.96875
1.875 7.96875
2.03125 7.96875
2.1875 7.96875
2.34375 7.96875
2.5 7.96875
2.65625 7.96875
2.8125 7.96875
2.96875 7.96875
3.125 7.96875
3.28125 7.96875
3.4375 7.96875
3.59375 7.96875
3.75 7.96875
3.90625 7.96875
4.0625 7.96875
4.21875 7.96875
4.375 7.96875
4.53125 7.96875
-1.25 7.8125
-1.09375 7.8125
-0.9375 7.8125
-0.78125 7.8125
-0.625 7.8125
-0.46875 7.8125
-0.3125 7.8125
-0.15625 7.8125
0.0 7.8125
0.15625 7.8125
0.3125 7.8125
0.46875 7.8125
0.625 7.8125
0.78125 7.8125
0.9375 7.8125
1.09375 7.8125
1.25 7.8125
1.40625 7.8125
1.5625 7.8125
1.71875 7.8125
1.875 7.8125
2.03125 7.8125
2.1875 7.8125
2.34375 7.8125
2.5 7.8125
2.65625 7.8125
2.8125 7.8125
2.96875 7.8125
3.125 7.8125
3.28125 7.8125
3.4375 7.8125
3.59375 7.8125
3.75 7.8125
3.90625 7.8125
4.0625 7.8125
4.21875 7.8125
-1.5625 7.65625
-1.40625 7.65625
-1.25 7.65625
-1.09375 7.65625
-0.9375 7.65625
-0.78125 7.65625
-0.625 7.65625
-0.46875 7.65625
-0.3125 7.65625
-0.15625 7.65625
0.0 7.65625
0.15625 7.65625
0.3125 7.65625
0.46875 7.65625
0.625 7.65625
0.78125 7.65625
0.9375 7.65625
1.09375 7.65625
1.25 7.65625
1.40625 7.65625
1.5625 7.65625
1.71875 7.65625
1.875 7.65625
2.03125 7.65625
2.1875 7.65625
2.34375 7.65625
2.5 7.65625
2.65625 7.65625
2.8125 7.65625
2.96875 7.65625
3.125 7.65625
3.28125 7.65625
3.4375 7.65625
3.59375 7.65625
3.75 7.65625
3.90625 7.65625
-1.71875 7.5
-1.5625 7.5
-1.40625 7.5
-1.25 7.5
-1.09375 7.5
-0.9375 7.5
-0.78125 7.5
-0.625 7.5
-0.46875 7.5
-0.3125 7.5
-0.15625 7.5
0.0 7.5
0.15625 7.5
0.3125 7.5
0.46875 7.5
0.625 7.5
0.78125 7.5
0.9375 7.5
1.09375 7.5
1.25 7.5
1.40625 7.5
1.5625 7.5
1.71875 7.5
1.875 7.5
2.03125 7.5
2.1875 7.5
2.34375 7.5
2.5 7.5
2.65625 7.5
2.8125 7.5
2.96875 7.5
3.125 7.5
3.28125 7.5
3.4375 7.5
3.59375 7.5
-2.03125 7.34375
-1.875 7.34375
-1.71875 7.34375
-1.5625 7.34375
-1.40625 7.34375
-1.25 7.34375
-1.09375 7.34375
-0.9375 7.34375
-0.78125 7.34375
-0.625 7.34375
-0.46875 7.34375
-0.3125 7.34375
-0.15625 7.34375
0.0 7.34375
0.15625 7.34375
0.3125 7.34375
0.46875 7.34375
0.625 7.34375
0.78125 7.34375
0.9375 7.34375
1.09375 7.34375
1.25 7.34375
1.40625 7.34375
1.5625 7.34375
1.71875 7.34375
1.875 7.34375
2.03125 7.34375
2.1875 7.34375
2.34375 7.34375
2.5 7.34375
2.65625 7.34375
2.8125 7.34375
2.96875 7.34375
3.125 7.34375
3.28125 7.34375
-2.34375 7.1875
-2.1875 7.1875
-2.03125 7.1875
-1.875 7.1875
-1.71875 7.1875
-1.5625 7.1875
-1.40625 7.1875
-1.25 7.1875
-1.09375 7.1875
-0.9375 7.1875
-0.78125 7.1875
-0.625 7.1875
-0.46875 7.1875
-0.3125 7.1875
-0.15625 7.1875
0.0 7.1875
0.15625 7.1875
0.3125 7.1875
0.46875 7.1875
0.625 7.1875
0.78125 7.1875
0.9375 7.1875
1.09375 7.1875
1.25 7.1875
1.40625 7.1875
1.5625 7.1875
1.71875 7.1875
1.875 7.1875
2.03125 7.1875
2.1875 7.1875
2.34375 7.1875
2.5 7.1875
2.65625 7.1875
2.8125 7.1875
2.96875 7.1875
-2.65625 7.03125
-2.5 7.03125
-2.34375 7.03125
-2.1875 7.03125
-2.03125 7.03125
-1.875 7.03125
-1.71875 7.03125
-1.5625 7.03125
-1.40625 7.03125
-1.25 7.03125
-1.09375 7.03125
-0.9375 7.03125
-0.78125 7.03125
-0.625 7.03125
-0.46875 7.03125
-0.3125 7.03125
-0.15625 7.03125
0.0 7.03125
0.15625 7.03125
0.3125 7.03125
0.46875 7.03125
0.625 7.03125
0.78125 7.03125
0.9375 7.03125
1.09375 7.03125
1.25 7.03125
1.40625 7.03125
1.5625 7.03125
1.71875 7.03125
1.875 7.03125
2.03125 7.03125
2.1875 7.03125
2.34375 7.03125
2.5 7.03125
2.65625 7.03125
-2.96875 6.875
-2.8125 6.875
-2.65625 6.875
-2.5 6.875
-2.34375 6.875
-2.1875 6.875
-2.03125 6.875
-1.875 6.875
-1.71875 6.875
-1.5625 6.875
-1.40625 6.875
-1.25 6.875
-1.09375 6.875
-0.9375 6.875
-0.78125 6.875
-0.625 6.875
-0.46875 6.875
-0.3125 6.875
-0.15625 6.875
0.0 6.875
0.15625 6.875
0.3125 6.875
0.46875 6.875
0.625 6.875
0.78125 6.875
0.9375 6.875
1.09375 6.875
1.25 6.875
1.40625 6.875
1.5625 6.875
1.71875 6.875
1.875 6.875
2.03125 6.875
2.1875 6.875
2.34375 6.875
-3.28125 6.71875
-3.125 6.71875
-2.96875 6.71875
-2.8125 6.71875
-2.65625 6.71875
-2.5 6.71875
-2.34375 6.71875
-2.1875 6.71875
-2.03125 6.71875
-1.875 6.71875
-1.71875 6.71875
-1.5625 6.71875
-1.40625 6.71875
-1.25 6.71875
-1.09375 6.71875
-0.9375 6.71875
-0.78125 6.71875
-0.625 6.71875
-0.46875 6.71875
-0.3125 6.71875
-0.15625 6.71875
0.0 6.71875
0.15625 6.71875
0.3125 6.71875
0.46875 6.71875
0.625 6.71875
0.78125 6.71875
0.9375 6.71875
1.09375 6.71875
1.25 6.71875
1.40625 6.71875
1.5625 6.71875
1.71875 6.71875
1.875 6.71875
2.03125 6.71875
-3.59375 6.5625
-3.4375 6.5625
-3.28125 6.5625
-3.125 6.5625
-2.96875 6.5625
-2.8125 6.5625
-2.65625 6.5625
-2.5 6.5625
-2.34375 6.5625
-2.1875 6.5625
-2.03125 6.5625
-1.875 6.5625
-1.71875 6.5625
-1.5625 6.5625
-1.40625 6.5625
-1.25 6.5625
-1.09375 6.5625
-0.9375 6.5625
-0.78125 6.5625
-0.625 6.5625
-0.46875 6.5625
-0.3125 6.5625
-0.15625 6.5625
0.0 6.5625
0.15625 6.5625
0.3125 6.5625
0.46875 6.5625
0.625 6.5625
0.78125 6.5625
0.9375 6.5625
1.09375 6.5625
1.25 6.5625
1.40625 6.5625
1.5625 6.5625
1.71875 6.5625
-3.90625 6.40625
-3.75 6.40625
-3.59375 6.40625
-3.4375 6.40625
-3.28125 6.40625
-3.125 6.40625
-2.96875 6.40625
-2.8125 6.40625
-2.65625 6.40625
-2.5 6.40625
-2.34375 6.40625
-2.1875 6.40625
-2.03125 6.40625
-1.875 6.40625
-1.71875 6.40625
-1.5625 6.40625
-1.40625 6.40625
-1.25 6.40625
-1.09375 6.40625
-0.9375 6.40625
-0.78125 6.40625
-0.625 6.40625
-0.46875 6.40625
-0.3125 6.40625
-0.15625 6.40625
0.0 6.40625
0.15625 6.40625
0.3125 6.40625
0.46875 6.40625
0.625 6.40625
0.78125 6.40625
0.9375 6.40625
1.09375 6.40625
1.25 6.40625
1.40625 6.40625
-4.21875 6.25
-4.0625 6.25
-3.90625 6.25
-3.75 6.25
-3.59375 6.25
-3.4375 6.25
-3.28125 6.25
-3.125 6.25
-2.96875 6.25
-2.8125 6.25
-2.65625 6.25
-2.5 6.25
-2.34375 6.25
-2.1875 6.25
-2.03125 6.25
-1.875 6.25
-1.71875 6.25
-1.5625 6.25
-1.40625 6.25
-1.25 6.25
-1.09375 6.25
-0.9375 6.25
-0.78125 6.25
-0.625 6.25
-0.46875 6.25
-0.3125 6.25
-0.15625 6.25
0.0 6.25
0.15625 6.25
0.3125 6.25
0.46875 6.25
0.625 6.25
0.78125 6.25
0.9375 6.25
1.09375 6.25
-4.375 6.09375
-4.21875 6.09375
-4.0625 6.09375
-3.90625 6.09375
-3.75 6.09375
-3.59375 6.09375
-3.4375 6.09375
-3.28125 6.09375
-3.125 6.09375
-2.96875 6.09375
-2.8125 6.09375
-2.65625 6.09375
-2.5 6.09375
-2.34375 6.09375
-2.1875 6.09375
-2.03125 6.09375
-1.875 6.09375
-1.71875 6.09375
-1.5625 6.09375
-1.40625 6.09375
-1.25 6.09375
-1.09375 6.09375
-0.9375 6.09375
-0.78125 6.09375
-0.625 6.09375
-0.46875 6.09375
-0.3125 6.09375
-0.15625 6.09375
0.0 6.09375
0.15625 6.09375
0.3125 6.09375
0.46875 6.09375
0.625 6.09375
0.78125 6.09375
-4.6875 5.9375
-4.53125 5.9375
-4.375 5.9375
-4.21875 5.9375
-4.0625 5.9375
-3.90625 5.9375
-3.75 5.9375
-3.59375 5.9375
-3.4375 5.9375
-3.28125 5.9375
-3.125 5.9375
-2.96875 5.9375
-2.8125 5.9375
-2.65625 5.9375
-2.5 5.9375
-2.34375 5.9375
-2.1875 5.9375
-2.03125 5.9375
-1.875 5.9375
-1.71875 5.9375
-1.5625 5.9375
-1.40625 5.9375
-1.25 5.9375
-1.09375 5.9375
-0.9375 5.9375
-0.78125 5.9375
-0.625 5.9375
-0.46875 5.9375
-0.3125 5.9375
-0.15625 5.9375
0.0 5.9375
0.15625 5.9375
0.3125 5.9375
0.46875 5.9375
-5.0 5.78125
-4.84375 5.78125
-4.6875 5.78125
-4.53125 5.78125
-4.375 5.78125
-4.21875 5.78125
-4.0625 5.78125
-3.90625 5.78125
-3.75 5.78125
-3.59375 5.78125
-3.4375 5.78125
-3.28125 5.78125
-3.125 5.78125
-2.96875 5.78125
-2.8125 5.78125
-2.65625 5.78125
-2.5 5.78125
-2.34375 5.78125
-2.1875 5.78125
-2.03125 5.78125
-1.875 5.78125
-1.71875 5.78125
-1.5625 5.78125
-1.40625 5.78125
-1.25 5.78125
-1.09375 5.78125
-0.9375 5.78125
-0.78125 5.78125
-0.625 5.78125
-0.46875 5.78125
-0.3125 5.78125
-0.15625 5.78125
0.0 5.78125
0.15625 5.78125
-5.3125 5.625
-5.15625 5.625
-5.0 5.625
-4.84375 5.625
-4.6875 5.625
-4.53125 5.625
-4.375 5.625
-4.21875 5.625
-4.0625 5.625
-3.90625 5.625
-3.75 5.625
-3.59375 5.625
-3.4375 5.625
-3.28125 5.625
-3.125 5.625
-2.96875 5.625
-2.8125 5.625
-2.65625 5.625
-2.5 5.625
-2.34375 5.625
-2.1875 5.625
-2.03125 5.625
-1.875 5.625
-1.71875 5.625
-1.5625 5.625
-1.40625 5.625
-1.25 5.625
-1.09375 5.625
-0.9375 5.625
-0.78125 5.625
-0.625 5.625
-0.46875 5.625
-0.3125 5.625
-0.15625 5.625
-5.625 5.46875
-5.46875 5.46875
-5.3125 5.46875
-5.15625 5.46875
-5.0 5.46875
-4.84375 5.46875
-4.6875 5.46875
-4.53125 5.46875
-4.375 5.46875
-4.21875 5.46875
-4.0625 5.46875
-3.90625 5.46875
-3.75 5.46875
-3.59375 5.46875
-3.4375 5.46875
-3.28125 5.46875
-3.125 5.46875
-2.96875 5.46875
-2.8125 5.46875
-2.65625 5.46875
-2.5 5.46875
-2.34375 5.46875
-2.1875 5.46875
-2.03125 5.46875
-1.875 5.46875
-1.71875 5.46875
-1.5625 5.46875
-1.40625 5.46875
-1.25 5.46875
-1.09375 5.46875
-0.9375 5.46875
-0.78125 5.46875
-0.625 5.46875
-0.46875 5.46875
-5.9375 5.3125
-5.78125 5.3125
-5.625 5.3125
-5.46875 5.3125
-5.3125 5.3125
-5.15625 5.3125
-5.0 5.3125
-4.84375 5.3125
-4.6875 5.3125
-4.53125 5.3125
-4.375 5.3125
-4.21875 5.3125
-4.0625 5.3125
-3.90625 5.3125
-3.75 5.3125
-3.59375 5.3125
-3.4375 5.3125
-3.28125 5.3125
-3.125 5.3125
-2.96875 5.3125
-2.8125 5.3125
-2.65625 5.3125
-2.5 5.3125
-2.34375 5.3125
-2.1875 5.3125
-2.03125 5.3125
-1.875 5.3125
-1.71875 5.3125
-1.5625 5.3125
-1.40625 5.3125
-1.25 5.3125
-1.09375 5.3125
-0.9375 5.3125
-0.78125 5.3125
-6.25 5.15625
-6.09375 5.15625
-5.9375 5.15625
-5.78125 5.15625
-5.625 5.15625
-5.46875 5.15625
-5.3125 5.15625
-5.15625 5.15625
-5.0 5.15625
-4.84375 5.15625
-4.6875 5.15625
-4.53125 5.15625
-4.375 5.15625
-4.21875 5.15625
-4.0625 5.15625
-3.90625 5.15625
-3.75 5.15625
-3.59375 5.15625
-3.4375 5.15625
-3.28125 5.15625
-3.125 5.15625
-2.96875 5.15625
-2.8125 5.15625
-2.65625 5.15625
-2.5 5.15625
-2.34375 5.15625
-2.1875 5.15625
-2.03125 5.15625
-1.875 5.15625
-1.71875 5.15625
-1.5625 5.15625
-1.40625 5.15625
-1.25 5.15625
-1.09375 5.15625
-6.5625 5.0
-6.40625 5.0
-6.25 5.0
-6.09375 5.0
-5.9375 5.0
-5.78125 5.0
-5.625 5.0
-5.46875 5.0
-5.3125 5.0
-5.15625 5.0
-5.0 5.0
-4.84375 5.0
-4.6875 5.0
-4.53125 5.0
-4.375 5.0
-4.21875 5.0
-4.0625 5.0
-3.90625 5.0
-3.75 5.0
-3.59375 5.0
-3.4375 5.0
-3.28125 5.0
-3.125 5.0
-2.96875 5.0
-2.8125 5.0
-2.65625 5.0
-2.5 5.0
-2.34375 5.0
-2.1875 5.0
-2.03125 5.0
-1.875 5.0
-1.71875 5.0
-1.5625 5.0
-1.40625 5.0
-6.71875 4.84375
-6.5625 4.84375
-6.40625 4.84375
-6.25 4.84375
-6.09375 4.84375
-5.9375 4.84375
-5.78125 4.84375
-5.625 4.84375
-5.46875 4.84375
-5.3125 4.84375
-5.15625 4.84375
-5.0 4.84375
-4.84375 4.84375
-4.6875 4.84375
-4.53125 4.84375
-4.375 4.84375
-4.21875 4.84375
-4.0625 4.84375
-3.90625 4.84375
-3.75 4.84375
-3.59375 4.84375
-3.4375 4.84375
-3.28125 4.84375
-3.125 4.84375
-2.96875 4.84375
-2.8125 4.84375
-2.65625 4.84375
-2.5 4.84375
-2.34375 4.84375
-2.1875 4.84375
-2.03125 4.84375
-1.875 4.84375
-1.71875 4.84375
-7.03125 4.6875
-6.875 4.6875
-6.71875 4.6875
-6.5625 4.6875
-6.40625 4.6875
-6.25 4.6875
-6.09375 4.6875
-5.9375 4.6875
-5.78125 4.6875
-5.625 4.6875
-5.46875 4.6875
-5.3125 4.6875
-5.15625 4.6875
-5.0 4.6875
-4.84375 4.6875
-4.6875 4.6875
-4.53125 4.6875
-4.375 4.6875
-4.21875 4.6875
-4.0625 4.6875
-3.90625 4.6875
-3.75 4.6875
-3.59375 4.6875
-3.4375 4.6875
-3.28125 4.6875
-3.125 4.6875
-2.96875 4.6875
-2.8125 4.6875
-2.65625 4.6875
-2.5 4.6875
-2.34375 4.6875
-2.1875 4.6875
-2.03125 4.6875
-1.875 4.6875
-7.1875 4.53125
-7.03125 4.53125
-6.875 4.53125
-6.71875 4.53125
-6.5625 4.53125
-6.40625 4.53125
-6.25 4.53125
-6.09375 4.53125
-5.9375 4.53125
-5.78125 4.53125
-5.625 4.53125
-5.46875 4.53125
-5.3125 4.53125
-5.15625 4.53125
-5.0 4.53125
-4.84375 4.53125
-4.6875 4.53125
-4.53125 4.53125
-4.375 4.53125
-4.21875 4.53125
-4.0625 4.53125
-3.90625 4.53125
-3.75 4.53125
-3.59375 4.53125
-3.4375 4.53125
-3.28125 4.53125
-3.125 4.53125
-2.96875 4.53125
-2.8125 4.53125
-2.65625 4.53125
-2.5 4.53125
-2.34375 4.53125
-2.1875 4.53125
-7.1875 4.375
-7.03125 4.375
-6.875 4.375
-6.71875 4.375
-6.5625 4.375
-6.40625 4.375
-6.25 4.375
-6.09375 4.375
-5.9375 4.375
-5.78125 4.375
-5.625 4.375
-5.46875 4.375
-5.3125 4.375
-5.15625 4.375
-5.0 4.375
-4.84375 4.375
-4.6875 4.375
-4.53125 4.375
-4.375 4.375
-4.21875 4.375
-4.0625 4.375
-3.90625 4.375
-3.75 4.375
-3.59375 4.375
-3.4375 4.375
-3.28125 4.375
-3.125 4.375
-2.96875 4.375
-2.8125 4.375
-2.65625 4.375
-2.5 4.375
-7.1875 4.21875
-7.03125 4.21875
-6.875 4.21875
-6.71875 4.21875
-6.5625 4.21875
-6.40625 4.21875
-6.25 4.21875
-6.09375 4.21875
-5.9375 4.21875
-5.78125 4.21875
-5.625 4.21875
-5.46875 4.21875
-5.3125 4.21875
-5.15625 4.21875
-5.0 4.21875
-4.84375 4.21875
-4.6875 4.21875
-4.53125 4.21875
-4.375 4.21875
-4.21875 4.21875
-4.0625 4.21875
-3.90625 4.21875
-3.75 4.21875
-3.59375 4.21875
-3.4375 4.21875
-3.28125 4.21875
-3.125 4.21875
-2.96875 4.21875
-2.8125 4.21875
-7.1875 4.0625
-7.03125 4.0625
-6.875 4.0625
-6.71875 4.0625
-6.5625 4.0625
-6.40625 4.0625
-6.25 4.0625
-6.09375 4.0625
-5.9375 4.0625
-5.78125 4.0625
-5.625 4.0625
-5.46875 4.0625
-5.3125 4.0625
-5.15625 4.0625
-5.0 4.0625
-4.84375 4.0625
-4.6875 4.0625
-4.53125 4.0625
-4.375 4.0625
-4.21875 4.0625
-4.0625 4.0625
-3.90625 4.0625
-3.75 4.0625
-3.59375 4.0625
-3.4375 4.0625
-3.28125 4.0625
-3.125 4.0625
-7.1875 3.90625
-7.03125 3.90625
-6.875 3.90625
-6.71875 3.90625
-6.5625 3.90625
-6.40625 3.90625
-6.25 3.90625
-6.09375 3.90625
-5.9375 3.90625
-5.78125 3.90625
-5.625 3.90625
-5.46875 3.90625
-5.3125 3.90625
-5.15625 3.90625
-5.0 3.90625
-4.84375 3.90625
-4.6875 3.90625
-4.53125 3.90625
-4.375 3.90625
-4.21875 3.90625
-4.0625 3.90625
-3.90625 3.90625
-3.75 3.90625
-3.59375 3.90625
-3.4375 3.90625
-7.1875 3.75
-7.03125 3.75
-6.875 3.75
-6.71875 3.75
-6.5625 3.75
-6.40625 3.75
-6.25 3.75
-6.09375 3.75
-5.9375 3.75
-5.78125 3.75
-5.625 3.75
-5.46875 3.75
-5.3125 3.75
-5.15625 3.75
-5.0 3.75
-4.84375 3.75
-4.6875 3.75
-4.53125 3.75
-4.375 3.75
-4.21875 3.75
-4.0625 3.75
-3.90625 3.75
-3.75 3.75
-7.1875 3.59375
-7.03125 3.59375
-6.875 3.59375
-6.71875 3.59375
-6.5625 3.59375
-6.40625 3.59375
-6.25 3.59375
-6.09375 3.59375
-5.9375 3.59375
-5.78125 3.59375
-5.625 3.59375
-5.46875 3.59375
-5.3125 3.59375
-5.15625 3.59375
-5.0 3.59375
-4.84375 3.59375
-4.6875 3.59375
-4.53125 3.59375
-4.375 3.59375
-4.21875 3.59375
-4.0625 3.59375
-7.1875 3.4375
-7.03125 3.4375
-6.875 3.4375
-6.71875 3.4375
-6.5625 3.4375
-6.40625 3.4375
-6.25 3.4375
-6.09375 3.4375
-5.9375 3.4375
-5.78125 3.4375
-5.625 3.4375
-5.46875 3.4375
-5.3125 3.4375
-5.15625 3.4375
-5.0 3.4375
-4.84375 3.4375
-4.6875 3.4375
-4.53125 3.4375
-4.375 3.4375
-7.1875 3.28125
-7.03125 3.28125
-6.875 3.28125
-6.71875 3.28125
-6.5625 3.28125
-6.40625 3.28125
-6.25 3.28125
-6.09375 3.28125
-5.9375 3.28125
-5.78125 3.28125
-5.625 3.28125
-5.46875 3.28125
-5.3125 3.28125
-5.15625 3.28125
-5.0 3.28125
-4.84375 3.28125
-4.6875 3.28125
-7.1875 3.125
-7.03125 3.125
-6.875 3.125
-6.71875 3.125
-6.5625 3.125
-6.40625 3.125
-6.25 3.125
-6.09375 3.125
-5.9375 3.125
-5.78125 3.125
-5.625 3.125
-5.46875 3.125
-5.3125 3.125
-5.15625 3.125
-5.0 3.125
-7.1875 2.96875
-7.03125 2.96875
-6.875 2.96875
-6.71875 2.96875
-6.5625 2.96875
-6.40625 2.96875
-6.25 2.96875
-6.09375 2.96875
-5.9375 2.96875
-5.78125 2.96875
-5.625 2.96875
-5.46875 2.96875
-5.3125 2.96875
-7.1875 2.8125
-7.03125 2.8125
-6.875 2.8125
-6.71875 2.8125
-6.5625 2.8125
-6.40625 2.8125
-6.25 2.8125
-6.09375 2.8125
-5.9375 2.8125
-5.78125 2.8125
-5.625 2.8125
-7.1875 2.65625
-7.03125 2.65625
-6.875 2.65625
-6.71875 2.65625
-6.5625 2.65625
-6.40625 2.65625
-6.25 2.65625
-6.09375 2.65625
-5.9375 2.65625
-7.1875 2.5
-7.03125 2.5
-6.875 2.5
-6.71875 2.5
-6.5625 2.5
-6.40625 2.5
-6.25 2.5
-7.03125 2.34375
-6.875 2.34375
-6.71875 2.34375
-6.5625 2.34375
-7.03125 2.1875
-6.875 2.1875
