-1
-1
-1
-1
-1
-1
-1
-1
-1
-1
-1
-1
-1
-1
-1
-1
-1
-1
-1
-1
-1
-1
-1
-1
-1
-1
-1
-1
-1
-1
-1
-1
-1
-1
-1
-1
-1
-1
-1
-1
-1
-1
-1
-1
-1
-1
-1
-1
-1
-1
-1
-1
-1
-1
-1
-1
-1
-1
-1
-1
-1
-1
-1
-1
-1
-1
-1
-1
-1
-1
-1
-1
-1
-1
-1
-1
-1
-1
-1
-1
-1
-1
-1
-1
-1
-1
-1
-1
-1
-1
1.0
1.0
0.9333333333333333
0.9333333333333333
0.9333333333333333
0.9333333333333333
0.9333333333333333
0.6666666666666667
0.6666666666666667
0.6666666666666667
0.75
0.7142857142857142
0.75
0.6666666666666667
0.7142857142857142
0.6666666666666667
0.75
0.6666666666666667
0.6666666666666667
0.6666666666666667
0.5714285714285714
0.5714285714285714
0.6666666666666667
0.5714285714285714
0.625
0.6666666666666667
0.75
0.6666666666666667
0.75
0.75
0.4285714285714286
0.6666666666666667
0.6666666666666667
0.3157894736842106
0.2702702702702702
0.3157894736842106
0.2702702702702702
0.625
0.3076923076923077
0.6666666666666667
0.25
0.25
0.8333333333333333
0.8333333333333333
0.7272727272727273
0.9090909090909092
0.9090909090909092
1.0
0.7272727272727273
0.8
0.9090909090909091
0.7272727272727273
0.7272727272727273
0.5454545454545454
0.5454545454545454
0.5
0.5454545454545454
0.33333333333333326
0.3076923076923077
0.46153846153846156
0.46153846153846156
0.46153846153846156
-1
-1
-1
-1
-1
-1
-1
-1
-1
-1
-1
-1
-1
-1
-1
-1
-1
-1
-1
-1
-1
-1
-1
-1
-1
-1
-1
-1
-1
-1
-1
-1
-1
-1
-1
-1
-1
-1
-1
-1
-1
-1
-1
-1
-1
-1
-1
-1
-1
-1
-1
-1
-1
-1
-1
-1
-1
-1
-1
-1
-1
-1
-1
-1
-1
-1
-1
-1
-1
-1
-1
-1
-1
-1
-1
-1
-1
-1
-1
-1
-1
-1
-1
-1
-1
-1
-1
-1
-1
-1
-1
-1
-1
-1
-1
-1
-1
-1
-1
-1
-1
-1
-1
-1
-1
-1
-1
-1
-1
-1
-1
-1
-1
-1
-1
-1
-1
-1
-1
-1
-1
-1
-1
-1
-1
-1
-1
-1
-1
-1
-1
-1
-1
-1
-1
-1
-1
-1
-1
-1
-1
-1
-1
-1
-1
-1
-1
-1
-1
-1
-1
-1
-1
-1
-1
-1
-1
-1
-1
-1
-1
-1
-1
-1
-1
-1
-1
-1
-1
-1
-1
-1
-1
-1
-1
-1
-1
-1
-1
-1
-1
-1
-1
-1
-1
-1
-1
