-1
-1
-1
-1
-1
-1
-1
-1
-1
-1
-1
-1
-1
-1
-1
-1
-1
-1
-1
-1
-1
-1
-1
-1
-1
-1
-1
-1
-1
-1
-1
-1
-1
-1
-1
-1
-1
-1
-1
-1
-1
-1
-1
-1
-1
-1
-1
-1
-1
-1
-1
-1
-1
-1
-1
-1
-1
-1
-1
-1
-1
-1
-1
-1
-1
-1
-1
-1
-1
-1
-1
-1
-1
-1
-1
-1
-1
-1
-1
-1
-1
-1
-1
-1
-1
-1
-1
-1
-1
-1
-1
-1
-1
-1
-1
-1
-1
-1
-1
-1
-1
-1
-1
-1
-1
-1
-1
-1
-1
-1
-1
-1
-1
-1
-1
-1
-1
-1
-1
-1
-1
-1
-1
-1
-1
-1
-1
-1
-1
-1
-1
-1
-1
-1
-1
-1
-1
-1
-1
-1
-1
-1
-1
-1
-1
-1
-1
-1
1.0
0.8235294117647058
0.8235294117647058
0.7777777777777777
0.736842105263158
0.736842105263158
0.5185185185185186
0.46666666666666656
0.4516129032258065
0.4516129032258065
0.4242424242424243
0.4242424242424243
0.4444444444444444
0.3999999999999999
0.875
0.8235294117647058
0.7058823529411764
0.7058823529411764
0.75
0.7058823529411764
0.75
0.8235294117647058
0.75
0.7058823529411764
0.75
0.875
0.8
0.8888888888888888
0.8
0.875
0.8
0.75
0.8
0.75
0.75
0.75
0.75
0.8235294117647058
0.8
0.75
0.8235294117647058
0.875
0.875
0.875
0.875
0.8235294117647058
0.8
0.8888888888888888
0.8235294117647058
0.8888888888888888
0.9411764705882353
0.8888888888888888
0.9411764705882353
0.8888888888888888
0.8235294117647058
0.8888888888888888
0.8888888888888888
0.8235294117647058
0.8888888888888888
0.8235294117647058
0.9411764705882353
0.9411764705882353
1.0
1.0
0.8888888888888888
1.0
0.8235294117647058
0.8235294117647058
0.9411764705882353
0.9411764705882353
0.8235294117647058
0.8235294117647058
0.7777777777777777
0.7777777777777777
0.7777777777777777
0.8888888888888888
0.7777777777777777
0.8888888888888888
0.8888888888888888
0.8888888888888888
0.8888888888888888
0.8888888888888888
0.8888888888888888
-1
-1
-1
-1
-1
-1
-1
-1
-1
-1
-1
-1
-1
-1
-1
-1
-1
-1
-1
-1
-1
-1
-1
-1
-1
-1
-1
-1
-1
-1
-1
-1
-1
-1
-1
-1
-1
-1
-1
-1
-1
-1
-1
-1
-1
-1
-1
-1
-1
-1
-1
-1
-1
-1
-1
-1
-1
-1
-1
-1
-1
-1
-1
-1
-1
-1
-1
-1
-1
-1
-1
-1
-1
-1
-1
-1
-1
-1
-1
-1
-1
-1
-1
-1
-1
-1
-1
-1
-1
-1
-1
-1
-1
-1
-1
-1
-1
-1
-1
-1
-1
-1
-1
-1
-1
-1
-1
-1
