-1
-1
-1
-1
-1
-1
-1
-1
-1
-1
-1
-1
-1
-1
-1
-1
-1
-1
-1
-1
-1
-1
-1
-1
-1
-1
-1
-1
-1
-1
-1
-1
-1
-1
-1
-1
-1
-1
-1
-1
-1
-1
-1
-1
-1
-1
-1
-1
-1
-1
-1
-1
-1
-1
-1
-1
-1
-1
-1
-1
-1
-1
-1
-1
-1
-1
-1
-1
-1
-1
-1
-1
-1
-1
-1
-1
-1
-1
-1
-1
-1
-1
-1
-1
-1
-1
-1
-1
-1
-1
0.875
0.8235294117647058
0.9411764705882353
0.8
0.8571428571428571
0.9333333333333333
1.0
0.75
0.8
0.75
0.875
0.75
0.8
0.7058823529411765
0.75
0.7058823529411765
0.6666666666666666
0.75
0.75
0.625
0.75
0.75
0.7142857142857143
0.875
0.8235294117647058
0.9333333333333333
0.875
0.875
0.9333333333333333
0.875
0.75
0.75
0.75
0.6666666666666666
0.875
0.75
0.8571428571428571
0.75
0.75
0.75
0.75
0.625
0.625
0.8235294117647058
0.75
0.8235294117647058
0.8235294117647058
0.875
0.75
0.8235294117647058
0.875
0.6666666666666666
0.8
0.875
0.875
0.875
0.875
0.75
0.875
0.875
0.875
0.8235294117647058
0.8235294117647058
0.875
0.875
0.875
0.875
0.8
0.8235294117647058
0.75
0.6666666666666666
0.75
0.8235294117647058
0.75
0.75
0.75
0.75
0.75
0.7058823529411765
0.7058823529411765
0.6666666666666666
0.875
0.8
0.75
0.8235294117647058
0.75
0.75
0.75
0.8235294117647058
0.7058823529411765
0.8235294117647058
0.8235294117647058
0.8235294117647058
0.8235294117647058
0.8235294117647058
0.8
0.8235294117647058
0.875
0.8
0.875
0.875
0.875
0.875
0.875
0.9411764705882353
0.8
0.875
0.9333333333333333
0.8
0.9333333333333333
0.9333333333333333
0.8
0.75
0.75
0.8
0.8
0.7142857142857143
0.875
0.8
0.875
0.8
0.8
0.8
0.8
0.875
0.875
0.875
0.9333333333333333
0.9333333333333333
0.9333333333333333
0.9333333333333333
0.9333333333333333
0.9333333333333333
0.9333333333333333
0.9333333333333333
0.8
0.8
0.8
0.8
0.8
0.8
-1
-1
-1
-1
-1
-1
-1
-1
-1
-1
-1
-1
-1
-1
-1
-1
-1
-1
-1
-1
-1
-1
-1
-1
-1
-1
-1
-1
-1
-1
-1
-1
-1
-1
-1
-1
-1
-1
-1
-1
-1
-1
-1
-1
-1
-1
-1
-1
-1
-1
-1
-1
-1
-1
-1
-1
-1
-1
-1
-1
-1
-1
-1
-1
-1
-1
-1
-1
-1
-1
-1
-1
-1
-1
-1
-1
-1
-1
-1
-1
-1
-1
-1
-1
-1
-1
-1
-1
-1
-1
-1
-1
-1
-1
-1
-1
-1
-1
-1
-1
-1
-1
-1
-1
-1
-1
-1
-1
